15
14
13
11
10
10
10
12
15
20
26
34
42
50
58
66
71
75
76
75
71
64
55
44
31
18
4
65527
65515
65505
65496
65489
65484
65481
65481
65481
65483
65486
65490
65494
65498
65502
65505
65508
65511
65512
65514
65515
65515
65516
65516
65516
65517
65517
65518
65519
65520
65522
65524
65527
65531
65535
4
8
13
17
20
22
23
22
21
18
14
10
5
1
65533
65530
65528
65527
65528
65530
65533
1
6
10
15
20
24
27
29
31
31
30
27
24
19
13
6
65534
65525
65517
65508
65501
65494
65488
65484
65482
65482
65483
65486
65489
65493
65497
65500
65503
65505
65506
65506
65505
65503
65501
65500
65498
65498
65499
65502
65506
65512
65519
65528
2
12
23
33
43
51
58
63
66
66
65
62
57
51
44
36
28
20
12
5
65534
65527
65521
65516
65513
65510
65508
65509
65510
65514
65518
65524
65530
1
8
15
20
24
26
25
23
19
13
6
65534
65525
65516
65507
65499
65492
65487
65483
65480
65480
65481
65484
65488
65494
65501
65509
65517
65527
0
10
20
28
36
43
49
53
55
56
55
54
53
52
51
52
53
55
58
61
65
68
71
72
72
70
66
61
54
45
35
24
11
65534
65521
65507
65494
65481
65469
65459
65451
65445
65442
65441
65443
65447
65454
65463
65473
65484
65496
65507
65519
65529
1
9
14
17
19
18
16
12
7
1
65531
65525
65520
65517
65514
65514
65516
65519
65524
65531
2
10
17
24
30
34
37
38
37
35
31
27
22
17
12
7
3
0
65534
65533
65533
65534
65535
1
4
6
9
11
13
13
12
9
5
0
65529
65522
65514
65507
65500
65494
65490
65488
65487
65488
65490
65494
65499
65504
65509
65515
65519
65523
65526
65528
65530
65530
65530
65529
65527
65526
65524
65523
65522
65522
65523
65525
65529
65533
4
11
20
29
39
49
58
66
72
76
77
76
71
64
55
42
29
14
65534
65519
65505
65493
65483
65476
65471
65470
65472
65477
65484
65494
65506
65518
65531
8
20
30
39
44
47
48
45
40
33
24
14
3
65528
65518
65508
65501
65495
65491
65490
65491
65495
65500
65507
65516
65524
65533
6
13
19
24
26
26
25
23
19
16
13
11
12
15
21
28
38
49
61
72
82
89
94
96
95
89
80
68
53
36
18
65534
65514
65494
65476
65459
65446
65435
65428
65425
65426
65430
65439
65450
65463
65478
65494
65510
65525
3
14
24
30
34
35
34
30
24
16
7
65534
65524
65515
65506
65500
65495
65493
65494
65497
65503
65511
65520
65531
6
16
26
34
40
45
47
46
44
39
33
26
19
11
4
65534
65529
65526
65524
65525
65527
65531
0
5
11
16
20
22
22
20
15
8
0
65526
65516
65505
65495
65486
65479
65474
65471
65471
65473
65478
65484
65493
65502
65513
65523
65533
5
12
17
20
20
18
14
9
2
65532
65525
65520
65515
65513
65513
65515
65519
65526
65534
7
17
27
37
45
51
56
59
59
58
54
49
41
33
23
12
1
65525
65514
65503
65493
65485
65478
65473
65471
65471
65474
65480
65487
65497
65507
65518
65529
3
12
19
23
25
25
22
17
11
4
65532
65524
65517
65511
65507
65504
65503
65505
65508
65513
65519
65526
65535
7
15
23
29
34
36
36
34
30
24
17
10
3
65535
65532
65533
1
9
19
32
46
61
75
88
98
105
108
108
103
95
84
69
51
32
11
65525
65504
65483
65464
65448
65435
65426
65420
65419
65422
65429
65440
65453
65469
65486
65504
65521
0
13
24
32
37
39
38
33
26
17
5
65529
65516
65503
65491
65481
65474
65470
65469
65472
65478
65487
65499
65512
65527
6
21
35
47
56
63
68
69
67
63
57
49
40
30
21
12
4
65533
65528
65524
65522
65521
65521
65523
65525
65527
65530
65531
65532
65532
65531
65530
65527
65523
65519
65514
65509
65504
65499
65495
65492
65490
65490
65491
65494
65497
65502
65508
65514
65520
65526
65532
1
5
8
11
13
14
15
16
17
18
20
22
25
28
31
34
36
38
39
40
39
37
35
32
29
26
22
17
13
8
2
65532
65525
65518
65511
65503
65495
65488
65482
65477
65474
65472
65473
65475
65479
65485
65492
65500
65508
65517
65524
65532
2
7
11
14
15
14
13
10
6
2
65533
65528
65524
65521
65519
65519
65520
65523
65528
65534
5
12
19
25
30
33
34
33
30
26
20
13
7
2
0
0
3
8
17
27
39
52
65
76
86
93
98
99
97
92
83
71
56
40
21
2
65518
65498
65479
65462
65447
65435
65427
65422
65422
65425
65433
65444
65457
65473
65491
65509
65527
8
23
36
46
53
56
54
49
40
28
13
65532
65514
65496
65480
65466
65455
65448
65446
65448
65455
65466
65481
65499
65519
3
24
43
61
75
86
93
96
95
90
82
72
60
47
33
20
7
65532
65523
65516
65511
65508
65508
65509
65511
65514
65517
65520
65523
65525
65525
65524
65522
65518
65514
65508
65501
65495
65488
65483
65479
65477
65477
65479
65483
65488
65496
65504
65514
65523
65533
6
14
22
28
34
38
42
44
45
45
44
43
42
40
38
37
35
33
31
29
27
25
24
23
21
20
18
16
14
10
6
1
65532
65525
65518
65511
65504
65497
65491
65486
65482
65479
65478
65479
65482
65486
65491
65497
65504
65511
65518
65525
65531
0
5
8
10
11
10
7
4
0
65531
65527
65523
65521
65520
65520
65522
65526
65531
2
9
16
23
29
35
38
40
40
38
34
28
21
13
5
65533
65527
65523
65522
65525
65530
3
15
29
45
61
77
91
103
111
