65535
65535
65535
65535
65535
65535
65534
65534
65533
65533
65533
65534
65534
65534
65535
65535
65535
65535
65534
65533
65533
65532
65531
65530
65530
65529
65530
65530
65531
65532
65533
65533
65534
65535
0
0
0
0
65535
65535
65535
65534
65534
65534
65533
65533
65533
65532
65532
65532
65531
65531
65531
65531
65532
65532
65533
65533
65534
65534
65535
65535
65535
65535
65535
65534
65533
65533
65532
65531
65531
65531
65531
65531
65531
65531
65531
65531
65531
65531
65531
65530
65530
65530
65530
65530
65530
65531
65532
65533
65534
65535
0
1
2
2
2
2
2
1
0
0
65535
65535
65535
65535
65535
65535
65534
65534
65534
65533
65533
65532
65531
65531
65530
65530
65529
65529
65529
65530
65530
65531
65532
65532
65533
65534
65534
65535
0
0
1
1
1
2
2
2
2
1
1
0
0
65535
65535
65534
65534
65534
65533
65534
65534
65534
65534
65535
65535
65535
65535
65535
65535
65534
65534
65534
65534
65534
65534
65534
65534
65534
65534
65534
65534
65534
65534
65534
65534
65534
65534
65534
65534
65535
65535
0
1
2
3
3
4
5
5
6
5
5
4
3
2
1
0
65535
65534
65533
65533
65533
65533
65534
65535
0
1
2
2
2
2
2
1
0
0
65535
65535
65534
65535
65535
0
0
1
2
2
2
2
1
1
65535
65534
65533
65532
65531
65530
65530
65530
65531
65532
65533
65534
65535
1
2
2
3
3
3
3
3
3
2
2
2
1
1
0
0
0
0
0
0
65535
65535
65535
65535
65535
65534
65534
65534
65534
65535
65535
0
0
0
1
1
2
2
2
2
2
1
1
1
0
0
65535
65535
65534
65534
65533
65532
65532
65532
65532
65532
65532
65532
65532
65533
65533
65534
65534
65535
65535
65535
0
0
1
1
1
2
2
3
3
3
3
2
2
2
1
0
0
65535
65535
65535
65534
65534
65534
65534
65534
65534
65534
65534
65534
65533
65533
65533
65533
65532
65532
65532
65532
65532
65532
65532
65532
65532
65532
65532
65532
65532
65532
65532
65532
65533
65533
65534
65535
0
0
1
2
3
3
4
4
4
3
3
2
2
1
1
1
0
0
0
0
65535
65535
65534
65534
65533
65533
65533
65532
65532
65532
65532
65532
65532
65532
65532
65532
65532
65532
65532
65532
65532
65532
65532
65532
65533
65533
65534
65535
0
1
2
2
3
3
3
3
2
2
1
0
65535
65535
65534
65534
65533
65533
65532
65532
65532
65532
65531
65531
65531
65531
65532
65532
65532
65533
65533
65534
65534
65535
65535
0
0
1
1
1
2
2
3
3
3
4
4
4
4
3
2
2
1
0
65535
65534
65533
65533
65532
65532
65533
65533
65533
65534
65534
65535
65535
0
0
0
1
1
2
2
3
3
3
4
3
3
2
2
1
0
65535
65535
65534
65534
65534
65535
65535
0
0
1
1
1
1
1
0
65535
65534
65534
65533
65532
65532
65531
65531
65531
65531
65531
65531
65531
65531
65531
65531
65531
65531
65532
65532
65532
65532
65533
65533
65534
65534
65535
0
0
0
1
1
1
0
0
0
0
0
0
0
0
0
1
1
2
2
3
3
3
3
3
3
2
2
1
0
0
65535
65534
65533
65533
65532
65532
65531
65532
65532
65532
65533
65533
65534
65534
65535
65535
65535
65535
65535
65534
65534
65534
65534
65534
65534
65534
65534
65535
65535
0
0
0
0
0
65535
65535
65534
65534
65533
65533
65533
65534
65534
65535
0
1
2
3
4
4
4
4
4
3
2
2
1
0
65535
65534
65533
65533
65532
65531
65530
65529
65528
65528
65527
65527
65528
65528
65529
65530
65531
65532
65533
65534
65535
0
1
1
1
2
3
3
4
6
7
8
10
11
11
11
11
9
7
4
0
65532
65528
65524
65520
65515
65512
65508
65505
65501
65499
65497
65495
65494
65494
65495
65497
65500
65503
65506
65509
65511
65513
65514
65514
65515
65518
65523
65531
7
23
43
67
93
119
143
162
176
181
177
164
142
114
80
43
5
65506
65474
65448
65428
65414
65406
65404
65406
65411
65418
65427
65437
65447
65457
65467
65477
65487
65498
65508
65519
65530
5
18
30
44
57
71
83
94
103
109
110
106
96
81
61
36
8
65515
65487
65461
65440
65424
65414
65411
65415
65425
65439
65457
65476
65495
65512
65527
2
9
12
12
10
7
4
2
4
9
19
34
53
76
100
124
145
162
170
169
158
135
101
57
6
65487
65432
65381
65337
65304
65284
65279
65289
65313
65349
65396
65448
65502
19
66
105
133
150
154
147
131
109
84
60
39
26
22
27
43
68
99
134
168
198
220
231
229
212
180
135
78
14
65480
65411
65344
65286
65238
65205
65187
65187
65204
65236
65282
65338
65400
65464
65524
40
80
106
116
110
89
57
18
65512
65472
65439
65417
65408
65413
65431
65462
65503
12
60
104
143
173
192
200
198
186
166
140
111
80
50
22
65534
65514
65499
65489
65484
65483
65486
65491
65498
65505
65511
65514
65515
65512
65505
65494
65481
65467
65453
65440
65431
65426
65428
65436
65451
65473
65501
65534
35
76
117
158
195
227
251
264
264
249
220
175
116
46
65505
65425
65349
65282
65230
65198
65190
65207
65249
65314
65399
65497
65
167
259
334
384
406
398
358
290
198
90
65509
65393
65286
65198
65135
65101
65099
65128
65186
65267
65365
65472
42
141
224
286
322
332
315
273
212
136
52
65504
65426
65361
65314
65288
65285
65304
65344
65400
65465
65535
66
123
166
190
193
176
140
90
30
65503
65443
65391
65354
65334
65334
65353
65390
65442
65504
36
103
164
215
249
266
262
237
194
134
61
65516
65433
65353
65281
65223
65182
65163
65165
65190
65237
65302
65382
65472
31
125
214
292
356
402
