65473
65462
65455
65452
65452
65455
65460
65467
65475
65483
65491
65499
65505
65510
65513
65513
65512
65508
65502
65494
65484
65473
65462
65451
65441
65433
65427
65425
65426
65430
65438
65450
65466
65484
65505
65526
13
35
57
77
95
110
122
131
137
140
139
135
128
119
107
94
79
64
48
34
20
7
65532
65522
65514
65507
65501
65495
65490
65486
65482
65478
65474
65471
65468
65466
65464
65463
65463
65463
65465
65467
65469
65473
65476
65480
65485
65489
65494
65499
65503
65508
65512
65516
65520
65523
65526
65529
65532
65535
3
8
15
22
32
42
54
66
79
90
100
108
112
113
111
105
95
82
66
47
28
7
65522
65503
65484
65468
65455
65445
65439
65437
65439
65445
65454
65467
65482
65500
65518
0
17
33
45
54
59
60
56
48
37
23
7
65527
65512
65499
65489
65482
65480
65481
65486
65494
65505
65519
65533
12
26
38
47
52
54
51
44
33
18
0
65516
65495
65474
65455
65439
65426
65419
65416
65420
65428
65441
65459
65480
65504
65530
21
49
78
106
132
157
178
196
208
214
214
207
194
174
149
120
88
56
23
65529
65502
65478
65459
65445
65436
65431
65431
65434
65441
65451
65462
65475
65488
65501
65512
65522
65529
65533
65534
65532
65525
65516
65503
65488
65471
65454
65437
65421
65408
65399
65394
65395
65400
65411
65427
65448
65472
65500
65529
22
52
80
106
129
149
165
177
184
187
185
179
168
153
135
115
92
69
46
23
2
65518
65501
65487
65475
65465
65459
65454
65452
65452
65452
65454
65457
65460
65463
65467
65470
65473
65476
65478
65480
65482
65483
65484
65484
65484
65483
65482
65481
65481
65481
65482
65484
65488
65493
65499
65507
65517
65529
6
21
37
53
71
88
104
118
131
140
146
147
144
136
124
108
89
66
41
15
65524
65498
65474
65452
65434
65419
65410
65405
65406
65412
65422
65437
65455
65476
65499
65522
9
30
48
62
73
78
78
73
62
48
30
10
65526
65506
65488
65473
65463
65457
65457
65462
65472
65486
65504
65524
9
30
50
67
80
89
92
90
82
69
51
28
2
65511
65483
65456
65431
65411
65396
65386
65384
65388
65398
65415
65436
65462
65491
65521
16
46
75
101
125
146
164
178
187
192
193
189
180
167
150
131
108
85
61
37
15
65530
65512
65497
65485
65475
65468
65464
65461
65460
65461
65463
65467
65470
65475
65479
65483
65486
65489
65490
65489
65487
65484
65478
65471
65462
65452
65442
65431
65422
65414
65409
65407
65409
65414
65424
65437
65454
65475
65498
65523
14
40
67
92
115
136
155
170
182
190
194
193
189
179
166
149
128
104
78
50
23
65531
65505
65482
65461
65444
65431
65422
65418
65417
65420
65426
65435
65446
65458
65472
65486
65499
65512
65523
65533
3
7
8
6
0
65527
65516
65504
65491
65479
65469
65461
65458
65458
65463
65472
65486
65503
65523
10
34
58
82
105
126
144
158
167
172
171
164
151
132
108
79
47
12
65512
65477
65443
65412
65386
65366
65353
65347
65349
65358
65374
65395
65422
65452
65484
65517
13
42
68
89
105
114
118
116
108
94
77
56
33
10
65523
65502
65485
65472
65464
65462
65464
65472
65484
65500
65519
2
22
40
56
69
78
82
81
75
64
48
29
6
65517
65491
65465
65441
65419
65400
65386
65377
65374
65378
65387
65403
65423
65448
65477
65508
4
35
65
93
118
138
155
167
175
179
179
176
170
162
152
140
128
115
103
90
78
67
56
45
35
24
13
2
65526
65513
65501
65488
65477
65466
65457
65450
65444
65440
65437
65436
65435
65436
65437
65437
65437
65437
65435
65432
65429
65424
65419
65414
65410
65406
65405
65406
65410
65417
65428
65442
65460
65481
65504
65528
18
45
71
96
120
142
161
177
190
198
201
200
194
182
166
145
120
92
62
30
65535
65505
65479
65456
65438
65427
65421
65421
65428
65439
65454
65471
65491
65511
65529
10
25
36
43
46
45
40
31
19
3
65521
65502
65483
65465
65450
65438
65431
65429
65432
65441
65454
65473
65495
65519
9
36
62
87
109
128
143
153
157
156
149
135
116
92
64
32
65534
65500
65466
65435
65407
65384
65367
65357
65353
65357
65367
65384
65405
65432
65461
65493
65525
21
52
80
104
124
139
149
153
151
144
131
113
92
67
42
15
65527
65505
65486
65472
65463
65460
65462
65468
65478
65491
65506
65521
65535
12
23
30
33
32
26
16
2
65520
65500
65478
65454
65432
65411
65393
65378
65369
65365
65368
65376
65390
65409
65433
65461
65491
65523
19
51
80
107
130
149
164
173
179
180
178
174
168
162
157
152
149
146
145
144
143
141
137
131
123
111
96
79
58
35
10
65520
65495
65470
65446
65425
65406
65390
65377
65368
65361
65358
65357
65359
65363
65368
65374
65381
65388
65394
65399
65404
65408
65411
65414
65417
65421
65426
65432
65440
65450
65462
65477
65494
65513
65534
20
42
65
88
110
130
149
166
180
190
198
201
200
195
185
171
152
130
105
79
52
25
0
65514
65495
65480
65470
65465
65465
65468
65476
65486
65499
65513
65527
5
18
28
35
39
39
35
26
13
65533
65514
65493
65472
65452
65434
65419
65409
65403
65403
65408
65417
65432
65450
65470
65493
65516
4
27
48
67
83
96
105
109
108
103
92
77
58
36
11
65521
65494
65469
65446
65426
65411
65401
65398
65401
65410
65425
65446
65472
65501
65532
29
61
92
120
144
163
177
186
188
183
173
157
136
111
83
53
23
65531
65504
65482
65463
65450
65442
65438
65439
65444
65451
65461
65471
65481
65489
65497
65502
65505
65505
65502
65497
65489
65480
65468
65455
65442
65429
65417
65407
65400
65396
65397
65401
65410
65424
65442
65463
65487
65513
5
34
62
