38
34
27
18
5
65527
65511
65495
65478
65461
65447
65434
65424
65417
65414
65416
65421
65432
65446
65464
65485
65508
65532
21
45
67
87
104
116
125
129
129
125
117
105
90
72
53
33
13
65530
65512
65496
65482
65472
65465
65461
65461
65465
65471
65480
65490
65501
65513
65523
65533
4
9
11
10
7
1
65530
65520
65510
65500
65490
65482
65475
65470
65468
65469
65473
65480
65489
65501
65514
65529
8
24
40
54
68
79
89
96
101
103
102
99
92
83
71
57
41
24
6
65524
65506
65490
65475
65462
65452
65445
65441
65440
65441
65446
65453
65462
65472
65484
65497
65510
65523
65535
10
20
29
36
40
43
44
44
42
39
35
31
26
22
19
16
14
13
12
11
11
11
11
11
10
8
7
4
1
65534
65530
65525
65521
65517
65513
65510
65507
65505
65503
65503
65504
65506
65509
65513
65518
65524
65530
1
8
15
22
27
32
36
38
38
37
35
30
25
18
10
2
65529
65521
65513
65507
65501
65498
65496
65497
65499
65504
65512
65521
65533
10
25
41
57
72
87
100
110
116
119
118
111
100
83
63
38
11
65517
65486
65456
65426
65399
65376
65357
65343
65335
65334
65339
65350
65367
65390
65417
65448
65481
65515
13
46
77
103
126
143
155
161
162
157
148
134
118
99
78
57
36
16
65535
65519
65507
65498
65493
65492
65494
65499
65508
65519
65531
8
21
33
43
50
53
52
47
37
23
6
65521
65498
65475
65452
65430
65411
65396
65385
65380
65381
65387
65399
65417
65439
65465
65493
65524
19
49
78
105
128
146
160
169
172
170
162
149
132
110
85
58
30
2
65511
65486
65463
65445
65431
65422
65419
65419
65425
65434
65447
65462
65478
65495
65512
65527
5
16
23
28
29
27
22
14
4
65529
65517
65505
65494
65484
65476
65470
65467
65467
65471
65478
65487
65500
65515
65532
14
33
52
71
88
103
116
125
131
133
130
123
111
96
77
56
32
7
65518
65493
65470
65449
65431
65416
65406
65400
65399
65402
65410
65421
65437
65455
65475
65497
65519
5
25
44
60
73
82
88
90
88
84
76
67
55
43
31
19
8
65534
65525
65519
65514
65511
65510
65511
65513
65516
65520
65524
65528
65532
65535
1
3
3
2
0
65534
65531
65528
65524
65521
65518
65517
65515
65515
65516
65518
65522
65526
65531
1
7
14
20
25
30
33
35
35
33
28
22
14
5
65530
65520
65509
65500
65492
65485
65482
65481
65483
65489
65497
65509
65524
5
24
44
64
84
102
118
131
139
143
142
135
123
105
82
55
24
65527
65492
65457
65424
65393
65366
65343
65325
65314
65310
65312
65321
65337
65359
65387
65419
65454
65491
65529
31
66
98
126
149
166
177
182
181
174
162
146
126
104
80
56
33
11
65527
65510
65497
65489
65484
65484
65487
65495
65505
65517
65530
7
20
30
38
43
44
41
34
23
8
65526
65505
65483
65461
65439
65418
65401
65387
65378
65374
65376
65383
65397
65416
65439
65467
65498
65532
30
63
95
124
149
170
185
194
196
193
183
168
147
122
94
64
32
0
65506
65478
65454
65434
65419
65409
65405
65406
65412
65423
65437
65454
65473
65493
65512
65529
9
21
30
35
37
34
29
20
9
65533
65519
65506
65493
65482
65472
65466
65462
65461
65464
65471
65481
65495
65511
65530
14
36
58
80
100
118
132
143
150
151
147
138
124
106
83
56
28
65533
65503
65474
65447
65423
65402
65387
65377
65373
65375
65382
65394
65411
65432
65456
65482
65509
0
26
50
71
89
103
113
118
118
114
106
95
80
64
46
28
10
65529
65513
65500
65489
65482
65477
65476
65478
65482
65488
65496
65505
65515
65525
65534
6
12
18
21
23
23
21
19
15
11
6
1
65533
65529
65526
65523
65522
65523
65524
65527
65530
65535
4
9
13
17
20
22
21
19
14
8
0
65528
65518
65509
65500
65493
65488
65484
65484
65486
65492
65500
65512
65527
8
26
46
67
87
106
123
136
146
151
150
144
132
114
91
63
32
65534
65498
65462
65427
65395
65366
65342
65323
65311
65305
65306
65315
65330
65352
65379
65411
65447
65485
65524
27
65
99
129
155
174
187
194
194
189
177
161
141
118
93
66
40
15
65529
65509
65493
65482
65475
65473
65475
65481
65491
65504
65518
65533
11
24
35
42
46
46
41
31
18
1
65517
65494
65471
65448
65426
65407
65392
65381
65375
65375
65382
65394
65412
65436
65463
65494
65527
25
58
90
120
145
166
182
192
195
192
183
168
148
124
96
65
33
1
65507
65478
65453
65432
65415
65404
65398
65398
65403
65412
65426
65442
65461
65482
65503
65522
5
20
32
41
45
46
42
34
23
10
65531
65515
65499
65483
65469
65457
65448
65443
65441
65443
65450
65461
65477
65496
65519
8
35
62
89
114
136
155
168
176
178
173
162
145
122
94
63
29
65530
65495
65461
65430
65403
65380
65363
65353
65349
65352
65361
65376
65397
65423
65452
65483
65516
12
43
72
96
117
132
141
145
143
135
123
106
86
64
40
16
65529
65507
65488
65473
65461
65453
65449
65450
65454
65462
65473
65487
65502
65517
65533
11
24
35
44
49
52
51
48
43
35
26
17
7
65533
65525
65518
65513
65510
65508
65509
65512
65516
65521
65527
65533
2
7
11
13
14
13
10
5
65535
65528
65520
65513
65506
65500
65495
65493
65494
65497
65502
65511
65522
0
16
33
52
71
89
106
121
133
141
145
144
137
125
108
86
60
29
65532
65498
65462
65428
65395
65366
65341
65320
65306
65298
65298
65304
65318
65338
65364
65396
65432
65470
65511
15
55
92
125
153
177
194
