65533
65533
65533
65533
65533
65533
65533
65533
65533
65533
65533
65533
65533
65533
65534
65534
65534
65534
65534
65534
65534
65534
65535
65535
0
0
1
2
3
4
5
5
6
6
7
7
7
7
7
7
6
6
6
6
5
5
4
4
4
3
2
2
1
1
0
65535
65535
65534
65534
65534
65534
65534
65534
65534
65535
65535
0
0
0
1
1
1
1
1
1
1
1
1
2
2
2
2
1
1
1
1
1
3
5
8
12
16
21
25
29
30
29
24
16
4
65525
65506
65486
65465
65445
65428
65414
65406
65405
65411
65423
65443
65469
65499
65532
30
62
91
114
131
139
139
131
114
90
61
27
65528
65494
65462
65435
65415
65402
65399
65405
65420
65443
65473
65508
10
48
84
116
141
159
168
168
159
142
119
91
60
28
65532
65502
65475
65453
65436
65424
65419
65421
65429
65442
65461
65484
65510
2
29
54
75
90
98
97
89
72
49
20
65524
65491
65459
65432
65410
65397
65392
65396
65409
65429
65456
65486
65519
14
42
65
82
91
92
86
74
58
39
20
3
65526
65518
65515
65518
65526
3
17
33
49
62
71
77
77
73
64
51
34
16
65531
65511
65491
65472
65456
65442
65431
65424
65420
65420
65423
65429
65438
65450
65464
65480
65497
65516
0
20
39
58
75
90
101
107
109
105
96
82
64
43
20
65533
65511
65492
65477
65468
65465
65468
65477
65491
65508
65527
10
27
41
51
56
56
52
46
39
34
31
33
39
50
64
81
98
112
122
125
120
107
84
54
17
65513
65471
65430
65393
65361
65338
65323
65318
65323
65337
65359
65388
65422
65458
65494
65528
22
45
61
69
70
63
51
35
17
65535
65519
65507
65498
65495
65497
65504
65515
65530
11
30
51
72
93
114
134
153
170
183
193
198
197
190
175
154
125
91
53
11
65505
65464
65426
65392
65364
65341
65324
65313
65306
65303
65302
65303
65304
65307
65311
65316
65324
65336
65352
65374
65401
65435
65475
65519
30
79
127
173
212
245
268
281
283
274
255
227
192
153
112
72
36
5
65518
65502
65495
65495
65501
65512
65526
5
18
29
37
39
36
27
14
65531
65508
65481
65453
65424
65395
65368
65345
65326
65314
65308
65309
65318
65334
65357
65385
65417
65452
65488
65524
22
55
87
116
144
172
199
226
252
277
300
320
333
340
338
326
303
270
228
177
120
58
65531
65469
65410
65356
65309
65270
65242
65225
65218
65223
65238
65264
65297
65336
65378
65420
65461
65496
65523
5
14
13
3
65523
65503
65483
65465
65454
65451
65458
65477
65506
8
54
103
154
201
241
272
290
294
283
257
219
171
115
56
65534
65480
65433
65397
65371
65358
65357
65365
65381
65403
65426
65448
65467
65479
65484
65482
65472
65456
65436
65414
65392
65374
65361
65355
65357
65369
65388
65415
65447
65483
65521
22
57
88
114
135
151
161
166
167
165
160
152
143
133
122
111
99
86
73
59
44
28
12
65530
65513
65496
65481
65467
65456
65449
65446
65447
65454
65464
65479
65496
65515
65535
18
34
47
56
60
58
51
38
20
65535
65513
65490
65469
65452
65442
65439
65445
65460
65484
65517
20
62
106
147
183
212
229
235
228
208
177
136
89
38
65524
65477
65437
65407
65388
65383
65390
65410
65440
65478
65520
28
69
104
130
145
147
137
115
82
40
65528
65479
65430
65387
65351
65326
65313
65314
65328
65355
65391
65435
65484
65532
41
80
109
128
134
128
110
82
47
6
65499
65457
65419
65387
65364
65351
65349
65359
65378
65407
65443
65483
65526
31
69
100
124
138
144
140
128
110
87
62
35
9
65521
65501
65484
65473
65467
65466
65471
65481
65494
65511
65528
9
24
35
40
39
32
18
65534
65512
65488
65465
65446
65433
65427
65428
65438
65455
65479
65506
65535
29
55
77
94
104
108
105
98
86
72
57
44
33
26
23
24
30
40
52
66
80
92
102
108
109
106
97
84
67
47
25
3
65518
65500
65486
65477
65473
65476
65483
65495
65510
65526
6
18
27
31
28
20
6
65525
65506
65487
65471
65458
65452
65452
65459
65472
65490
65510
65531
14
29
38
40
34
21
2
65515
65491
65467
65447
65432
65426
65428
65440
65459
65485
65515
10
40
64
82
91
90
81
65
44
20
65533
65513
65499
65491
65490
65496
65508
65522
1
14
23
25
19
5
65520
65493
65462
65431
65402
65379
65364
65360
65367
65387
65418
65459
65508
24
75
122
161
187
198
193
173
138
93
42
65526
65478
65439
65414
65404
65411
65434
65471
65519
37
92
142
185
215
232
234
221
194
157
110
57
2
65483
65431
65384
65344
65313
65291
65278
65276
65283
65298
65320
65348
65381
65416
65454
65492
65528
27
59
88
112
131
144
153
156
155
150
142
131
119
108
97
87
80
75
72
70
71
72
74
77
79
79
78
75
69
59
46
30
11
65526
65505
65484
65465
65450
65439
65432
65430
65431
65435
65440
65445
65448
65450
65450
65449
65449
65449
65452
65458
65469
65484
65502
65523
8
28
44
55
61
59
51
38
20
0
65515
65497
65481
65471
65466
65467
65474
65486
65502
65521
4
23
38
49
54
53
46
32
13
65526
65502
65478
65456
65439
65428
65424
65428
65438
65455
65477
65502
65527
15
36
52
61
65
62
54
41
25
8
65527
65512
65500
65491
65487
65487
65491
65499
65509
65521
65533
9
20
30
38
45
50
54
59
63
68
74
80
86
91
94
95
93
88
81
71
60
50
40
33
29
29
32
37
43
49
52
50
43
30
10
65521
65492
65461
65430
65403
65382
65369
65365
65372
