65514
65511
65508
65505
65503
65503
65504
65506
65509
65514
65518
65522
65525
65527
65528
65528
65528
65527
65527
65527
65528
65530
65534
2
7
12
16
20
22
24
25
24
23
22
20
19
18
16
15
15
14
13
12
12
11
10
9
8
8
8
8
8
8
8
8
8
8
8
7
7
6
5
4
3
2
0
65535
65533
65530
65528
65525
65521
65518
65514
65511
65508
65506
65504
65504
65504
65505
65507
65510
65513
65516
65519
65522
65524
65527
65529
65531
65534
1
5
11
17
25
32
39
45
50
52
53
51
47
42
36
31
26
22
19
17
17
16
16
15
12
8
3
65533
65527
65522
65518
65515
65515
65517
65521
65525
65529
65533
65535
65534
65532
65527
65521
65514
65508
65503
65499
65498
65499
65501
65504
65507
65510
65511
65510
65508
65504
65500
65496
65492
65491
65492
65495
65501
65508
65517
65525
65533
3
7
9
10
9
8
7
6
7
9
13
17
22
27
31
34
35
35
33
31
28
26
25
25
26
28
31
34
37
39
40
39
37
33
29
24
19
14
10
8
6
6
6
5
5
3
0
65532
65526
65519
65512
65505
65499
65494
65492
65492
65494
65498
65504
65510
65515
65519
65521
65521
65518
65513
65507
65500
65495
65491
65490
65492
65496
65502
65510
65518
65525
65530
65533
65534
65533
65530
65527
65525
65524
65525
65528
65534
5
13
22
29
35
38
39
38
35
30
25
21
17
14
13
12
13
15
16
17
17
16
14
11
8
4
2
65535
65534
65534
65534
65535
0
1
2
2
2
0
65535
65533
65531
65529
65527
65525
65523
65521
65520
65518
65515
65513
65510
65508
65506
65504
65504
65504
65505
65508
65511
65515
65519
65523
65527
65531
65535
3
7
11
17
24
32
41
49
58
65
70
72
72
69
63
55
46
37
29
22
17
14
13
13
13
12
10
7
2
65531
65524
65517
65511
65506
65504
65503
65505
65507
65510
65513
65514
65514
65511
65506
65500
65493
65486
65481
65479
65479
65481
65486
65492
65499
65505
65509
65510
65510
65507
65502
65496
65491
65488
65487
65489
65494
65502
65512
65523
65534
7
14
18
20
20
19
17
15
15
16
19
24
30
36
42
47
50
51
50
47
43
39
35
32
31
31
32
34
36
38
38
37
34
30
24
18
12
7
2
65535
65534
65533
65533
65533
65532
65529
65525
65520
65513
65505
65497
65490
65484
65481
65480
65482
65486
65492
65499
65506
65512
65517
65519
65519
65516
65512
65506
65501
65497
65495
65496
65499
65504
65511
65519
65528
65535
5
8
10
9
7
4
1
65535
65535
1
5
10
17
24
31
37
41
43
43
40
36
30
24
17
11
6
3
1
1
2
3
5
7
8
7
6
4
2
65535
65532
65530
65529
65528
65528
65528
65529
65529
65529
65529
65527
65525
65523
65520
65518
65516
65514
65513
65513
65512
65512
65512
65512
65511
65511
65510
65509
65509
65510
65512
65514
65518
65523
65528
65535
6
15
25
35
46
57
68
78
87
92
94
93
89
81
71
60
49
39
30
24
19
17
15
13
11
7
1
65529
65520
65510
65501
65494
65490
65488
65490
65494
65500
65506
65511
65514
65514
65511
65506
65498
65490
65481
65475
65471
65470
65472
65477
65483
65490
65496
65501
65503
65503
65500
65496
65492
65487
65485
65485
65488
65494
65503
65514
65526
1
12
21
27
31
33
33
33
32
33
34
36
39
43
47
50
52
53
52
50
47
43
40
37
35
34
35
36
38
39
39
38
36
31
25
18
9
1
65529
65522
65517
65513
65511
65510
65510
65510
65510
65509
65507
65504
65499
65494
65488
65483
65479
65477
65477
65480
65486
65493
65502
65511
65520
65526
65531
65533
65533
65530
65527
65523
65520
65519
65520
65524
65530
3
12
20
27
31
32
30
25
19
12
6
2
2
4
10
18
28
38
47
53
56
55
51
43
33
22
12
3
65533
65530
65530
65533
1
6
10
11
10
6
65535
65526
65515
65506
65499
65495
65495
65499
65508
65518
65529
3
10
13
11
4
65529
65516
65502
65490
65481
65476
65477
65483
65493
65505
65518
65529
2
7
8
6
1
65531
65527
65524
65525
65530
3
16
32
50
69
87
102
114
121
122
119
112
100
85
69
54
40
28
20
16
15
16
17
18
16
11
1
65523
65507
65489
65472
65458
65450
65448
65452
65462
65476
65492
65508
65520
65526
65526
65520
65508
65493
65477
65462
65452
65448
65450
65459
65472
65487
65503
65517
65526
65530
65529
65523
65514
65503
65494
65488
65487
65491
65499
65512
65528
8
24
38
48
54
57
57
55
51
48
45
44
44
45
48
50
52
54
54
52
49
45
41
36
32
28
25
23
22
21
20
18
15
10
4
65532
65524
65515
65506
65498
65492
65488
65487
65487
65489
65491
65494
65495
65495
65493
65487
65480
65472
65463
65456
65452
65452
65457
65467
65483
65501
65522
6
23
36
42
41
33
20
4
65524
65511
65504
65504
65512
65528
13
37
60
78
89
92
84
68
45
20
65532
65512
65499
65496
65502
65517
1
24
46
65
77
81
76
64
47
26
5
65522
65508
65498
65495
65497
65504
65513
65523
65533
4
8
8
4
65533
65523
65513
65503
65494
65487
65484
65484
65487
65492
65499
65507
65514
65520
65525
65527
65528
65527
65525
65523
65522
65521
65521
65523
65526
65531
65535
4
8
11
13
15
18
20
25
33
43
57
73
92
110
126
139
146
145
137
122
101
75
47
21
65535
65519
65509
65507
65510
65517
65525
65531
65533
65530
65521
65507
65488
65467
65448
65432
65422
65419
65422
65432
65447
65464
65481
65497
65508
65515
65518
65516
65510
65503
65496
65490
65486
65485
65486
65491
