23
21
16
10
4
65532
65525
65518
65512
65507
65504
65503
65503
65505
65508
65511
65516
65521
65525
65530
65534
1
3
5
7
8
8
9
9
10
10
11
12
13
15
16
18
19
20
20
20
20
18
16
13
9
5
1
65532
65528
65524
65521
65520
65519
65520
65522
65525
65529
65533
2
6
10
12
14
14
13
11
9
5
2
65534
65531
65528
65527
65526
65526
65528
65530
65534
4
10
16
24
31
38
44
49
53
55
55
53
48
41
32
20
6
65527
65511
65494
65478
65463
65450
65439
65432
65428
65428
65433
65441
65454
65469
65487
65506
65526
10
29
45
59
70
78
82
83
81
76
68
59
49
38
28
18
9
2
65532
65529
65527
65527
65529
65532
0
4
8
12
16
18
18
17
15
11
6
0
65529
65522
65515
65509
65503
65498
65495
65493
65493
65494
65496
65500
65504
65510
65515
65521
65527
65533
3
8
13
18
22
26
28
30
31
31
30
28
25
21
16
10
5
65535
65529
65523
65518
65513
65508
65504
65500
65496
65493
65490
65488
65486
65485
65486
65488
65491
65496
65503
65511
65521
65532
8
20
33
44
55
64
71
75
76
75
70
63
53
41
28
15
1
65524
65512
65502
65494
65488
65485
65485
65487
65490
65496
65504
65512
65521
65531
3
11
18
23
27
28
27
24
19
13
5
65533
65525
65516
65508
65502
65496
65493
65491
65491
65493
65497
65503
65510
65518
65527
1
11
20
28
35
40
43
44
43
41
36
31
24
17
10
4
65534
65529
65525
65522
65521
65521
65522
65524
65526
65529
65531
65534
65535
1
1
1
0
65534
65532
65530
65528
65526
65524
65523
65523
65524
65525
65527
65530
65534
1
5
9
12
16
19
21
24
26
29
31
34
36
39
41
44
46
47
47
45
43
38
32
24
14
2
65526
65512
65498
65484
65471
65459
65448
65440
65434
65430
65430
65432
65437
65445
65456
65469
65484
65501
65519
2
21
39
56
71
84
95
102
105
106
103
97
89
78
66
53
40
28
16
6
65533
65526
65521
65517
65515
65515
65515
65516
65517
65519
65519
65520
65520
65519
65517
65514
65511
65508
65504
65501
65497
65494
65492
65491
65492
65493
65496
65501
65507
65514
65522
65531
5
14
22
30
36
41
45
46
46
44
40
35
30
23
16
9
2
65532
65527
65522
65518
65515
65513
65512
65510
65509
65508
65507
65505
65503
65501
65499
65497
65495
65494
65494
65495
65497
65500
65505
65512
65519
65528
2
12
22
32
41
49
56
61
64
64
62
58
52
44
35
25
14
2
65528
65518
65510
65503
65498
65496
65495
65497
65501
65506
65513
65520
65527
65534
4
9
11
12
11
8
3
65533
65526
65518
65511
65504
65498
65494
65491
65490
65492
65495
65500
65507
65515
65524
65533
7
16
25
33
40
46
50
52
53
52
49
44
38
31
22
14
5
65532
65523
65516
65510
65505
65501
65500
65500
65501
65504
65508
65513
65518
65523
65528
65533
1
3
5
5
5
4
2
0
65534
65532
65531
65531
65532
65535
2
7
13
19
26
34
42
50
58
64
70
75
77
79
78
75
70
63
53
41
28
12
65532
65514
65496
65477
65460
65444
65429
65418
65409
65404
65402
65404
65409
65418
65430
65445
65461
65480
65499
65518
2
21
39
55
69
82
92
100
105
107
107
105
101
94
86
77
68
58
48
38
29
21
13
7
2
65533
65529
65526
65523
65520
65516
65513
65509
65505
65500
65495
65490
65484
65478
65472
65467
65462
65459
65458
65458
65460
65465
65473
65483
65495
65509
65525
6
22
38
53
65
75
83
86
87
84
77
68
57
44
30
15
1
65524
65512
65501
65493
65487
65484
65483
65484
65486
65491
65496
65501
65507
65512
65517
65522
65525
65528
65529
65530
65530
65529
65528
65527
65527
65526
65527
65528
65531
65534
2
7
13
19
24
30
34
38
40
40
40
37
34
30
24
19
13
7
1
65532
65528
65525
65523
65522
65522
65522
65523
65523
65524
65524
65524
65524
65522
65520
65518
65515
65512
65508
65505
65502
65499
65497
65496
65496
65497
65499
65503
65507
65514
65521
65530
3
13
23
33
43
51
58
64
67
69
68
64
58
50
41
29
17
4
65527
65514
65503
65493
65485
65480
65476
65475
65476
65479
65485
65491
65499
65508
65517
65526
65535
6
13
18
21
22
21
18
14
9
3
65534
65528
65523
65520
65519
65519
65523
65528
0
10
22
36
50
65
79
92
104
113
119
122
120
113
102
86
65
41
13
65519
65488
65456
65426
65398
65373
65353
65338
65329
65327
65331
65342
65359
65381
65407
65438
65471
65505
4
38
70
99
123
143
158
167
170
168
161
149
133
114
94
73
52
32
14
65535
65523
65514
65508
65506
65507
65510
65516
65522
65529
65535
4
8
10
9
5
65535
65526
65514
65501
65486
65471
65456
65441
65429
65419
65412
65409
65410
65416
65427
65442
65461
65484
65510
2
31
59
86
109
129
143
152
155
151
142
127
108
84
58
31
3
65513
65489
65468
65451
65439
65431
65428
65430
65435
65445
65457
65471
65486
65502
65518
65532
8
18
25
30
31
30
26
21
15
8
1
65530
65525
65520
65518
65517
65517
65520
65524
65529
65535
5
12
18
24
29
33
36
38
38
38
36
33
29
25
21
16
11
7
2
65533
65528
65522
65517
65512
65506
65501
65495
65490
65485
65481
65478
65475
65475
65475
65478
65482
65487
65494
65503
65512
65523
65534
9
20
30
40
49
57
64
69
73
75
76
74
71
65
58
48
37
24
9
65530
65515
65500
65486
65473
65463
65455
65451
65449
65451
65457
65465
65476
65489
65503
65519
65534
12
25
36
44
49
