1
0
0
65535
65535
65534
65533
65532
65532
65532
65532
65533
65534
65535
0
2
3
4
5
6
7
7
7
6
5
4
3
1
0
65535
65534
65534
65534
65534
65534
65535
65535
0
1
1
2
2
2
2
2
2
1
1
1
1
0
0
0
65535
65535
65534
65534
65533
65533
65533
65533
65532
65533
65533
65533
65533
65533
65533
65533
65532
65532
65532
65532
65533
65533
65534
65534
65535
0
0
1
1
0
0
65535
65535
65534
65533
65533
65533
65533
65534
65535
0
1
2
3
3
4
4
4
4
4
3
3
3
3
4
4
4
5
5
5
5
4
4
3
2
1
0
0
65535
65535
65535
65535
65535
0
0
0
1
1
1
1
1
1
1
1
1
1
1
1
2
2
2
3
3
3
3
3
3
2
2
2
2
2
2
2
2
2
1
0
0
65535
65534
65534
65533
65533
65533
65534
65534
65535
0
0
1
1
1
1
0
65535
65534
65533
65532
65531
65530
65530
65530
65531
65532
65533
65535
0
2
3
4
5
5
5
4
3
3
2
1
0
65535
65534
65534
65533
65532
65532
65531
65531
65530
65530
65530
65530
65531
65532
65533
65534
65535
0
1
2
2
3
3
4
4
4
3
3
3
2
2
2
1
0
0
65535
65535
65534
65534
65534
65534
65534
65534
65535
65535
0
0
1
1
2
2
2
2
2
2
2
1
1
1
0
0
0
65535
65535
65535
65535
65535
65535
65535
65535
65535
0
0
0
0
1
1
1
0
0
0
65535
65535
65535
65535
65535
65535
0
0
1
1
2
2
2
2
2
2
1
0
0
65535
65535
65534
65534
65534
65534
65534
65535
65535
65535
65535
0
0
0
65535
65535
65535
65534
65534
65533
65532
65531
65531
65531
65530
65530
65531
65531
65532
65532
65533
65534
65535
65535
0
0
0
1
1
1
1
1
2
2
2
2
2
2
1
0
65535
65534
65533
65532
65531
65530
65530
65530
65530
65531
65531
65532
65533
65534
65535
65535
0
1
1
1
1
1
0
0
65535
65534
65534
65533
65533
65532
65532
65532
65532
65533
65534
65535
0
1
1
2
2
2
2
1
1
0
0
65535
65535
65535
0
1
1
2
3
3
3
3
3
3
3
3
3
3
3
3
3
2
2
2
1
0
65535
65534
65533
65532
65531
65530
65530
65530
65530
65530
65531
65531
65532
65532
65532
65533
65533
65534
65534
65534
65535
65535
0
0
0
0
1
1
0
0
0
0
0
0
0
0
0
1
1
2
2
2
2
2
2
1
0
65535
65534
65533
65532
65531
65530
65530
65529
65529
65530
65530
65531
65531
65532
65533
65534
65535
0
0
1
1
1
1
1
1
1
1
1
1
1
1
1
1
1
2
2
2
1
1
1
0
0
65535
65535
65534
65534
65534
65534
65534
65534
65535
0
0
1
2
3
3
3
4
4
4
3
3
2
1
1
0
65535
65534
65533
65533
65532
65532
65531
65531
65531
65531
65531
65531
65531
65531
65531
65531
65531
65531
65531
65532
65532
65533
65533
65534
0
1
2
3
4
4
4
4
4
3
3
2
0
65535
65534
65533
65533
65532
65532
65532
65532
65533
65534
65535
0
1
2
3
3
3
2
1
0
65535
65534
65533
65532
65531
65531
65532
65532
65533
65534
65534
65535
65535
0
65535
65535
65535
65535
65534
65534
65534
65534
65535
65535
0
0
1
3
4
7
9
13
16
20
24
28
30
30
29
25
19
11
0
65524
65510
65495
65479
65462
65444
65426
65406
65387
65369
65354
65343
65340
65347
65365
65396
65440
65496
26
97
170
239
300
349
383
400
398
380
347
300
243
179
111
42
65511
65448
65390
65342
65303
65277
65262
65261
65273
65295
65327
65366
65408
65450
65490
65524
15
33
43
44
38
26
10
65528
65509
65491
65475
65464
65456
65455
65458
65468
65483
65504
65528
18
44
70
91
108
118
121
118
108
93
75
55
35
17
1
65525
65517
65512
65511
65512
65515
65519
65523
65525
65526
65525
65522
65516
65507
65497
65485
65472
65458
65446
65435
65427
65423
65423
65429
65439
65455
65475
65498
65522
11
34
55
72
84
91
94
93
89
82
72
61
48
34
18
2
65521
65506
65493
65486
65486
65496
65517
15
62
120
187
258
328
393
445
480
494
483
446
384
299
194
76
65486
65358
65236
65125
65030
64955
64902
64874
64870
64889
64929
64986
65057
65137
65223
65310
65393
65471
3
61
107
142
165
179
184
184
180
174
169
166
167
173
184
201
222
246
272
299
324
345
359
364
358
341
310
267
212
147
74
65534
65458
65385
65320
65266
65224
65196
65182
65181
65191
65208
65230
65253
65274
65292
65304
65310
65310
65305
65297
65288
65279
65274
65275
65283
65301
65328
65366
65414
65471
65535
67
137
207
273
332
384
426
457
477
485
482
468
443
409
365
315
258
197
134
73
16
65502
65461
65432
65413
65405
65407
65414
65424
65434
65439
65436
65423
65400
65365
65321
65270
65214
65158
65105
65060
65027
65010
65011
65033
65077
65143
65230
65333
65450
37
162
281
388
478
547
591
610
605
578
532
471
400
323
244
168
97
35
65519
65478
65450
65434
65431
65439
65457
65483
65513
9
40
65
83
91
87
70
41
0
65486
65428
65366
65303
65243
65189
65144
65112
65094
65092
65106
65135
65178
65232
65293
65358
65423
65485
4
51
89
116
134
144
147
146
144
142
143
148
157
171
188
209
231
252
271
285
293
294
286
271
247
216
179
137
93
46
0
65491
65448
65408
65372
65341
65317
65299
65288
65286
65292
65306
65328
65355
65385
65417
65448
65474
65494
