6
37
65
88
105
114
117
113
102
86
66
42
18
65530
65508
65490
65477
65469
65468
65473
65485
65503
65525
17
47
79
112
143
172
196
213
223
225
216
198
171
135
92
44
65529
65477
65426
65380
65339
65305
65280
65265
65259
65262
65274
65293
65320
65351
65385
65421
65457
65491
65521
11
31
45
52
54
50
42
30
17
2
65524
65511
65502
65496
65494
65496
65503
65515
65531
14
36
59
83
106
128
146
160
169
173
171
162
149
130
107
81
52
23
65531
65504
65480
65460
65445
65434
65429
65428
65432
65440
65451
65463
65477
65489
65501
65509
65515
65518
65517
65513
65506
65496
65485
65474
65462
65452
65444
65439
65437
65438
65444
65452
65464
65479
65497
65517
2
24
46
66
86
103
117
128
134
137
135
129
119
106
90
72
52
32
12
65530
65513
65499
65487
65479
65474
65473
65476
65481
65490
65501
65514
65527
3
15
24
32
37
40
43
45
47
50
54
59
65
71
78
83
87
88
87
82
73
61
45
26
3
65515
65489
65462
65435
65411
65389
65372
65360
65354
65356
65364
65379
65401
65428
65459
65492
65526
23
54
80
101
115
122
123
116
104
86
64
40
16
65527
65506
65487
65474
65465
65463
65467
65477
65493
65514
4
34
65
98
130
159
184
203
214
218
212
196
172
139
100
56
8
65495
65447
65402
65361
65326
65299
65279
65269
65267
65275
65290
65313
65342
65376
65412
65450
65486
65520
13
38
56
68
74
74
68
57
43
27
10
65529
65513
65500
65490
65485
65485
65490
65500
65516
1
25
52
80
109
135
158
177
189
195
193
184
167
144
115
82
47
10
65509
65475
65444
65419
65398
65385
65377
65376
65382
65392
65406
65424
65443
65462
65481
65498
65511
65522
65528
65531
65530
65526
65519
65511
65501
65492
65483
65475
65469
65465
65464
65467
65472
65480
65492
65507
65524
7
28
50
71
92
110
125
137
145
148
147
140
130
116
99
79
58
37
15
65530
65511
65493
65479
65468
65460
65456
65456
65459
65466
65475
65486
65498
65510
65520
65529
0
6
9
12
15
19
24
32
42
53
66
80
92
103
111
115
115
110
99
83
63
39
12
65519
65490
65461
65435
65412
65393
65379
65372
65371
65377
65389
65407
65431
65458
65488
65519
14
43
68
89
103
112
113
108
97
81
61
38
13
65524
65501
65479
65461
65447
65438
65435
65437
65445
65458
65477
65500
65527
20
51
82
111
137
160
176
186
189
185
172
153
126
94
58
18
65513
65472
65433
65397
65366
65341
65323
65313
65311
65317
65330
65349
65374
65402
65433
65463
65492
65519
6
24
37
45
49
48
42
34
24
12
0
65525
65516
65509
65505
65505
65509
65518
65530
10
29
50
73
96
118
138
155
168
177
180
178
170
156
137
113
86
56
24
65528
65497
65468
65443
65423
65407
65397
65392
65391
65395
65402
65411
65421
65432
65444
65454
65464
65473
65480
65487
65492
65496
65499
65502
65504
65505
65507
65508
65510
65513
65516
65520
65526
65532
3
12
20
29
38
47
56
64
72
79
85
90
95
98
99
99
96
92
87
79
71
61
51
40
28
16
3
65526
65513
65500
65488
65476
65465
65455
65447
65441
65437
65435
65436
65439
65446
65455
65467
65482
65499
65520
6
29
53
77
99
119
135
146
152
153
147
136
120
100
75
48
20
65526
65498
65471
65447
65428
65414
65407
65406
65411
65423
65442
65465
65492
65522
16
46
73
95
113
124
129
126
116
100
78
51
20
65524
65492
65460
65431
65406
65386
65372
65365
65363
65369
65381
65399
65422
65449
65481
65514
13
48
82
113
140
163
179
189
191
186
174
155
129
98
64
26
65524
65486
65451
65419
65392
65372
65359
65352
65353
65361
65375
65394
65416
65441
65466
65491
65514
65535
15
28
37
41
42
39
34
26
17
8
65535
65527
65520
65517
65515
65517
65522
65530
5
18
34
51
68
86
102
117
130
139
145
147
145
138
128
113
95
74
51
27
1
65512
65487
65464
65443
65424
65409
65396
65387
65382
65380
65382
65387
65395
65405
65417
65431
65445
65460
65476
65491
65505
65518
65530
4
13
20
25
29
31
32
32
31
30
29
28
27
27
28
30
33
38
44
52
61
70
80
90
99
107
113
117
118
116
111
102
90
75
56
34
11
65521
65495
65469
65444
65421
65402
65386
65374
65367
65365
65368
65375
65386
65401
65419
65440
65462
65485
65509
65534
22
47
71
94
115
134
149
161
168
170
166
157
143
125
102
78
52
27
3
65517
65499
65486
65477
65473
65475
65481
65491
65505
65521
3
21
39
54
66
74
78
76
69
58
41
20
65532
65506
65479
65451
65425
65400
65379
65361
65348
65341
65338
65342
65351
65367
65387
65413
65442
65475
65510
10
45
80
111
139
163
181
193
199
198
190
176
156
131
101
69
35
1
65505
65474
65447
65426
65409
65399
65395
65396
65404
65416
65432
65450
65471
65491
65511
65530
9
22
32
38
40
39
34
27
18
8
65534
65524
65515
65508
65503
65502
65503
65508
65515
65526
2
17
33
49
65
81
95
107
117
123
126
126
121
112
100
83
63
41
16
65526
65499
65473
65448
65425
65405
65389
65377
65368
65365
65366
65370
65379
65391
65406
65423
65442
65462
65482
65501
65520
2
18
33
45
55
63
67
70
70
67
63
57
50
43
36
30
25
22
21
23
27
34
43
54
65
78
90
101
110
116
120
119
115
106
92
75
53
28
1
65507
65477
65446
65418
65391
65367
65348
65334
65325
65321
65324
65332
65346
65365
65389
65416
65446
65478
65510
6
37
65
91
114
134
151
165
175
