4
4
4
4
4
3
3
3
2
2
2
2
2
2
2
2
2
2
2
2
2
2
2
2
1
1
1
1
0
0
65535
65535
65535
65535
65535
0
1
2
3
4
5
6
6
7
7
7
6
6
5
5
4
4
3
3
3
2
2
2
1
1
1
0
0
0
0
0
0
0
0
0
0
0
0
1
1
1
1
1
0
0
0
65535
65534
65534
65533
65532
65532
65531
65531
65531
65532
65532
65533
65533
65534
65534
65535
65535
65535
65535
65535
65535
0
1
3
6
9
14
18
22
24
25
23
18
10
65534
65519
65502
65484
65466
65449
65435
65426
65422
65424
65434
65449
65471
65497
65526
20
49
76
98
114
122
123
116
102
81
55
25
65529
65498
65468
65443
65424
65412
65407
65412
65425
65446
65473
65506
6
43
79
110
135
153
161
160
150
132
106
76
42
9
65513
65485
65463
65447
65438
65437
65443
65455
65472
65493
65517
6
29
51
69
82
88
88
80
65
44
18
65524
65492
65461
65433
65410
65393
65385
65385
65394
65411
65435
65465
65498
65531
27
55
76
90
96
94
83
66
45
21
65533
65511
65494
65482
65478
65481
65492
65509
65530
19
45
70
92
109
121
125
123
114
98
76
50
21
65527
65497
65468
65444
65424
65410
65404
65405
65414
65430
65451
65478
65508
2
32
58
80
96
105
107
101
87
68
43
15
65521
65491
65463
65438
65419
65407
65402
65405
65417
65436
65461
65492
65526
24
57
85
106
120
123
117
101
77
46
13
65514
65483
65459
65445
65443
65454
65479
65515
26
78
133
184
228
260
277
277
259
222
171
106
33
65493
65417
65347
65287
65242
65213
65204
65213
65241
65286
65345
65413
65487
24
92
150
194
220
226
213
180
131
70
1
65467
65400
65342
65298
65271
65263
65275
65306
65355
65417
65488
28
104
174
235
284
317
333
331
312
278
231
173
110
43
65514
65455
65404
65366
65342
65333
65340
65361
65393
65434
65480
65524
28
59
77
81
70
45
9
65500
65452
65405
65364
65333
65315
65313
65326
65354
65395
65444
65499
18
69
112
145
165
172
166
150
124
93
59
25
65531
65505
65486
65474
65470
65473
65482
65497
65517
4
28
54
79
101
119
133
139
136
125
103
72
33
65524
65475
65425
65378
65338
65308
65289
65284
65294
65316
65350
65394
65443
65495
11
58
100
135
162
182
195
202
205
205
202
197
191
181
169
153
134
110
83
54
24
65529
65501
65476
65454
65437
65425
65417
65412
65409
65406
65404
65401
65397
65392
65388
65385
65384
65386
65392
65402
65417
65435
65456
65480
65504
65528
16
37
56
72
85
94
101
106
108
108
107
106
103
101
98
95
92
89
85
80
75
68
61
52
42
30
17
2
65522
65504
65485
65465
65443
65421
65399
65378
65359
65343
65330
65323
65322
65327
65339
65358
65383
65414
65448
65486
65523
24
57
86
108
122
129
128
119
105
86
64
43
23
7
65533
65529
65531
3
16
31
48
62
72
78
77
69
56
38
18
65534
65517
65505
65498
65499
65506
65520
1
21
39
55
65
68
64
52
34
11
65520
65493
65467
65444
65425
65412
65405
65405
65412
65426
65447
65475
65509
13
57
105
153
200
242
276
298
307
300
277
239
187
126
59
65527
65463
65408
65366
65339
65329
65334
65354
65384
65421
65460
65496
65526
11
20
18
5
65518
65490
65458
65427
65400
65378
65366
65362
65369
65386
65411
65444
65483
65524
31
72
109
140
164
178
182
177
162
139
109
76
41
8
65516
65494
65480
65475
65480
65492
65511
65533
20
41
57
67
67
58
39
11
65513
65473
65432
65392
65356
65327
65306
65296
65296
65307
65328
65357
65392
65431
65470
65507
5
35
58
75
87
94
97
98
98
97
96
95
94
92
90
85
77
67
54
39
22
4
65523
65508
65496
65489
65487
65490
65500
65515
65533
19
41
63
81
95
103
104
98
84
64
39
12
65519
65493
65470
65453
65443
65442
65449
65463
65483
65508
65535
26
50
70
84
91
91
83
70
52
31
9
65524
65506
65491
65482
65479
65482
65490
65503
65519
2
22
41
59
72
81
84
80
69
51
27
65535
65503
65470
65438
65411
65389
65376
65372
65378
65394
65417
65447
65481
65517
15
44
68
85
92
92
83
67
46
22
65532
65506
65483
65463
65448
65440
65438
65443
65454
65472
65494
65520
12
40
66
88
105
115
117
112
99
80
56
28
65535
65506
65481
65460
65444
65435
65432
65435
65443
65455
65469
65484
65497
65509
65517
65521
65521
65517
65510
65500
65490
65481
65475
65472
65474
65483
65497
65518
7
36
67
99
129
156
178
194
204
207
203
191
173
148
117
81
41
65533
65488
65442
65399
65360
65328
65305
65293
65292
65304
65327
65362
65405
65454
65505
21
68
109
140
160
168
164
148
123
89
51
11
65508
65474
65447
65430
65423
65428
65444
65470
65505
11
56
103
147
187
220
243
255
254
240
214
176
129
75
19
65500
65451
65410
65382
65367
65366
65378
65402
65435
65471
65508
5
31
46
50
43
26
1
65507
65475
65444
65417
65395
65381
65375
65375
65383
65395
65412
65431
65451
65471
65491
65509
65525
3
13
21
25
25
21
15
5
65530
65519
65509
65502
65498
65500
65507
65520
3
25
50
76
100
122
138
149
152
148
136
117
91
60
25
65523
65485
65449
65417
65391
65373
65363
65363
65373
65394
65423
65459
65500
7
50
89
123
147
162
166
159
142
117
86
51
16
65520
65493
65475
65465
65466
65476
65494
65519
12
42
71
96
116
129
134
132
123
108
88
64
37
9
