65528
65528
65529
65531
65532
65533
65533
65534
65534
65534
65535
65535
0
1
2
4
5
7
7
8
8
7
7
7
7
7
8
9
11
13
15
16
17
17
17
16
15
14
13
13
14
16
18
20
22
23
24
23
22
19
16
12
8
4
1
65534
65531
65529
65528
65527
65526
65525
65525
65524
65523
65522
65521
65521
65520
65520
65521
65523
65525
65529
65533
3
9
16
22
29
34
37
39
39
37
34
31
27
24
23
23
24
27
29
32
32
31
28
22
13
4
65530
65522
65515
65510
65509
65510
65513
65518
65523
65527
65529
65529
65526
65520
65514
65507
65501
65497
65495
65495
65499
65504
65509
65515
65519
65521
65521
65518
65514
65508
65503
65498
65496
65495
65498
65502
65508
65515
65522
65527
65532
65534
65535
65535
65534
65533
65534
65535
3
7
13
19
24
29
32
34
34
32
30
27
24
21
20
19
19
19
20
21
21
20
18
15
12
9
5
1
65534
65532
65531
65530
65530
65529
65529
65529
65528
65526
65524
65521
65518
65515
65513
65511
65510
65510
65512
65514
65517
65520
65523
65526
65528
65529
65529
65528
65527
65526
65525
65524
65524
65524
65525
65527
65529
65530
65532
65533
65533
65533
65532
65531
65530
65528
65527
65526
65526
65526
65527
65528
65529
65530
65532
65534
0
2
4
6
8
9
10
10
10
8
6
4
2
0
65535
0
1
3
7
11
15
18
20
21
20
18
15
12
9
7
6
7
10
14
18
22
26
27
27
24
20
13
6
65535
65529
65525
65523
65523
65524
65527
65530
65534
0
1
65535
65533
65528
65523
65518
65514
65511
65511
65513
65518
65527
1
13
26
37
47
55
59
59
55
49
40
31
23
16
13
12
15
20
26
32
36
38
35
29
19
7
65530
65518
65508
65502
65500
65503
65508
65516
65524
65531
65535
65535
65531
65523
65513
65502
65492
65485
65482
65483
65487
65495
65504
65513
65520
65524
65523
65519
65511
65502
65492
65484
65479
65478
65482
65489
65499
65511
65523
65533
4
7
8
6
3
0
65534
65535
3
9
18
27
35
42
46
47
46
41
36
30
24
21
19
19
21
24
26
27
27
24
18
11
3
65531
65524
65518
65515
65514
65516
65519
65523
65526
65529
65529
65527
65522
65516
65509
65502
65496
65492
65491
65492
65497
65503
65511
65519
65525
65530
65532
65532
65530
65527
65523
65520
65519
65519
65522
65526
65531
0
4
7
9
8
7
4
1
65535
65534
65534
0
3
7
10
13
13
12
9
5
0
65531
65528
65526
65527
65529
65533
1
5
8
9
7
3
65534
65528
65523
65519
65517
65519
65523
65530
2
11
18
24
26
25
22
16
10
4
0
65534
0
4
10
18
25
30
33
31
27
19
10
65535
65526
65519
65516
65515
65518
65524
65531
2
8
12
12
9
4
65532
65525
65518
65515
65516
65521
65532
11
29
48
65
80
89
92
87
77
62
44
26
10
65535
65530
65531
2
12
23
32
38
38
31
18
0
65516
65496
65480
65469
65466
65470
65480
65495
65513
65529
5
12
12
5
65530
65515
65500
65487
65478
65475
65477
65485
65496
65509
65520
65529
65533
65532
65525
65516
65504
65493
65484
65479
65479
65484
65494
65507
65521
65534
8
15
18
17
13
9
5
4
5
10
17
27
37
45
51
54
52
46
37
26
15
6
0
65533
65534
1
6
11
14
16
14
10
3
65532
65524
65517
65512
65511
65512
65515
65520
65525
65529
65531
65530
65526
65520
65512
65504
65497
65492
65490
65492
65497
65505
65514
65523
65531
0
2
2
65534
65530
65525
65521
65520
65522
65527
65534
7
16
24
29
32
32
29
25
20
16
14
14
15
18
22
24
25
24
20
13
5
65533
65525
65519
65515
65514
65516
65520
65525
65529
65532
65534
65533
65531
65528
65524
65521
65520
65521
65524
65529
65534
4
8
11
11
10
6
3
65535
65534
0
4
12
22
33
43
51
54
52
44
32
16
0
65521
65510
65505
65506
65513
65526
5
20
33
42
44
40
29
14
65533
65517
65505
65499
65501
65510
65527
13
39
64
87
103
111
111
102
85
63
37
13
65528
65512
65505
65505
65513
65527
7
23
35
41
39
27
8
65519
65491
65466
65446
65434
65433
65442
65460
65485
65513
2
23
35
37
29
13
65529
65506
65487
65473
65467
65470
65481
65498
65517
1
16
26
29
24
13
65533
65516
65501
65489
65483
65483
65490
65502
65517
65534
14
27
37
42
42
39
34
27
21
16
13
13
14
18
22
27
30
33
33
31
28
23
16
8
0
65529
65521
65515
65510
65506
65504
65504
65505
65507
65510
65512
65514
65515
65515
65513
65510
65507
65503
65500
65497
65496
65496
65497
65499
65501
65503
65505
65506
65507
65509
65510
65513
65517
65522
65529
0
8
16
23
28
31
32
32
30
27
25
23
22
22
23
25
29
32
35
37
38
36
32
25
16
6
65529
65517
65507
65498
65493
65492
65494
65501
65509
65519
65527
65533
65535
65533
65527
65519
65509
65500
65493
65492
65496
65505
65520
1
19
35
47
53
53
47
37
24
11
1
65530
65529
65533
7
19
32
45
54
58
56
49
37
22
7
65530
65520
65517
65519
65527
3
18
32
43
50
50
43
31
15
65534
65520
65511
65511
65520
2
27
55
84
107
122
126
117
96
66
31
65532
65501
65479
65467
65468
65479
65498
65521
6
22
30
27
14
65528
65501
65472
65446
65427
65417
65417
65428
65447
65472
65500
65526
13
29
38
39
33
22
7
65527
65513
65502
65495
65494
65498
65507
65519
65533
12
25
34
39
39
33
23
10
65531
65516
65505
65497
65496
65501
65511
