2
2
1
0
0
65535
65535
65534
65534
65534
65533
65533
65533
65533
65533
65533
65533
65534
65534
65535
0
1
2
2
3
3
4
3
3
2
1
0
65535
65534
65534
65533
65533
65533
65533
65533
65533
65533
65533
65533
65533
65532
65532
65531
65531
65531
65531
65531
65532
65532
65533
65534
65535
0
0
1
2
2
2
2
1
1
0
0
65535
65535
65535
65534
65534
65534
65534
65533
65533
65533
65533
65533
65533
65533
65533
65533
65533
65533
65534
65534
65534
65535
0
0
1
2
2
3
3
4
4
5
5
5
4
4
3
2
1
0
65535
65534
65533
65533
65532
65533
65533
65533
65534
65535
65535
0
0
0
0
0
65535
65535
65534
65533
65533
65532
65532
65531
65531
65531
65531
65531
65531
65532
65532
65533
65534
65534
65535
0
0
1
1
2
2
2
1
1
1
0
65535
65535
65534
65533
65532
65532
65531
65531
65531
65532
65532
65533
65534
65534
65535
0
0
0
0
0
0
0
0
0
1
2
3
5
6
7
8
9
9
9
8
8
7
6
6
5
4
3
3
2
1
0
65535
65534
65533
65532
65531
65531
65531
65531
65532
65533
65534
65535
0
1
2
3
3
3
3
3
3
3
3
2
2
2
1
1
0
0
65535
65535
65534
65534
65534
65534
65535
65535
0
2
3
4
5
6
7
7
7
6
5
4
2
1
0
65534
65534
65533
65533
65533
65532
65532
65532
65532
65532
65532
65532
65532
65533
65533
65534
65535
1
2
3
4
5
6
6
6
5
4
3
2
1
0
65535
65535
65534
65534
65533
65533
65533
65533
65533
65534
65534
65534
65534
65534
65535
65535
65535
0
1
2
2
3
4
4
4
4
4
3
2
1
0
65535
65535
65534
65533
65533
65533
65533
65533
65533
65533
65534
65534
65535
65535
0
0
1
2
2
3
3
3
4
3
3
2
1
0
65535
65534
65533
65532
65531
65531
65530
65530
65530
65530
65530
65530
65530
65531
65532
65533
65533
65535
0
1
2
2
3
3
3
2
2
1
1
0
65535
65535
65535
65535
65535
65535
0
0
1
1
1
2
2
1
1
0
0
65535
65535
65535
65535
65535
65535
0
0
0
1
1
1
1
0
0
65535
65535
65534
65533
65533
65532
65532
65531
65531
65531
65531
65531
65531
65531
65532
65533
65533
65534
65535
0
0
0
1
0
0
0
65535
65535
65534
65534
65534
65534
65534
65535
0
1
2
3
3
4
4
4
4
3
2
1
0
65535
65534
65533
65533
65534
65534
65535
0
2
2
3
3
3
3
2
1
65535
65534
65533
65532
65531
65531
65531
65532
65533
65533
65534
65535
0
1
2
3
3
4
4
5
5
5
5
5
4
4
3
2
1
1
0
0
0
0
0
0
0
0
0
0
65535
65535
65535
65534
65534
65534
65534
65534
65535
65535
0
0
0
0
0
65535
65534
65534
65533
65532
65531
65531
65531
65531
65531
65531
65532
65532
65532
65532
65532
65532
65532
65533
65533
65534
65535
65535
0
2
3
3
4
4
4
4
3
2
2
1
1
0
0
0
1
1
1
2
2
2
1
0
0
65535
65534
65533
65532
65532
65531
65531
65531
65532
65532
65533
65533
65533
65533
65533
65532
65531
65531
65530
65530
65529
65529
65530
65531
65532
65533
65535
0
2
3
4
5
5
5
4
3
2
0
65534
65533
65531
65529
65528
65527
65527
65526
65526
65527
65528
65529
65530
65532
65534
0
1
3
4
4
5
5
5
5
5
6
7
8
9
10
11
12
12
12
11
9
6
3
0
65532
65528
65525
65521
65517
65513
65509
65505
65501
65497
65494
65491
65490
65490
65491
65493
65495
65498
65500
65501
65502
65502
65503
65506
65511
65519
65532
13
36
62
90
119
145
167
183
189
187
174
153
125
92
57
22
65525
65497
65473
65456
65443
65435
65430
65427
65426
65424
65423
65421
65419
65417
65417
65418
65422
65429
65439
65453
65470
65490
65513
2
27
53
77
99
118
131
139
140
135
123
105
82
55
28
0
65510
65488
65471
65459
65452
65451
65455
65462
65471
65481
65492
65501
65509
65515
65519
65522
65523
65524
65525
65527
65531
2
11
24
40
59
79
99
119
135
147
151
147
133
109
74
31
65516
65462
65407
65356
65311
65277
65256
65250
65259
65282
65317
65362
65413
65466
65519
32
73
107
132
148
157
160
159
156
153
153
155
161
171
184
198
212
225
234
237
233
221
200
170
132
86
34
65513
65455
65395
65338
65285
65237
65199
65171
65156
65155
65168
65196
65238
65291
65353
65419
65485
9
60
98
121
127
117
93
59
20
65516
65480
65452
65435
65431
65441
65462
65493
65530
34
74
109
139
160
172
174
168
154
135
112
88
64
42
25
14
9
12
21
35
53
72
89
102
107
102
87
60
23
65512
65460
65406
65353
65306
65268
65244
65234
65239
65261
65296
65344
65402
65465
65530
57
114
163
199
222
230
221
198
162
115
61
4
65486
65438
65401
65378
65373
65385
65416
65464
65525
60
134
208
275
330
369
388
387
365
323
263
191
110
26
65479
65402
65336
65284
65246
65224
65218
65225
65245
65273
65306
65342
65377
65410
65437
65457
65470
65476
65474
65467
65456
65443
65431
65422
65418
65421
65434
65456
65488
65528
37
86
134
178
214
240
252
251
236
209
173
130
85
41
2
65506
65485
65475
65475
65486
65506
65531
24
53
79
100
112
114
104
83
50
6
65490
65433
65374
65316
65265
65224
65197
65185
65190
65212
65249
65301
65362
65430
65500
33
97
153
199
234
259
274
278
275
266
251
233
213
191
169
147
125
103
81
59
36
11
65519
65489
