75
74
71
66
58
48
37
23
9
65530
65516
65502
65489
65477
65467
65459
65453
65448
65446
65445
65446
65449
65452
65457
65463
65469
65476
65484
65492
65500
65509
65517
65525
65533
5
11
16
20
23
24
24
23
21
19
18
17
16
18
20
24
28
34
39
45
49
53
55
56
55
53
48
42
35
28
19
10
1
65529
65521
65514
65508
65503
65500
65498
65498
65499
65501
65504
65507
65511
65514
65516
65516
65515
65512
65508
65503
65496
65489
65482
65475
65470
65466
65463
65462
65463
65466
65469
65474
65480
65487
65494
65501
65508
65516
65523
65531
3
10
18
25
32
38
44
49
53
56
58
59
59
58
56
53
48
43
38
31
25
18
11
4
65534
65528
65522
65517
65512
65508
65504
65500
65496
65493
65491
65490
65489
65490
65493
65496
65501
65508
65514
65522
65529
0
6
11
15
18
19
18
17
14
11
6
2
65534
65530
65526
65523
65521
65520
65520
65522
65525
65529
65534
4
11
18
26
33
40
46
51
55
57
57
56
54
52
50
49
49
51
56
62
70
79
88
96
101
104
104
99
90
76
59
40
18
65531
65507
65485
65463
65444
65428
65415
65405
65399
65395
65395
65398
65403
65411
65422
65434
65447
65462
65477
65493
65508
65523
0
12
23
31
37
40
42
41
39
36
32
28
25
23
23
24
28
33
40
49
58
68
77
85
91
94
95
93
87
79
67
53
38
21
5
65524
65509
65496
65484
65475
65468
65464
65462
65461
65463
65465
65469
65473
65477
65481
65485
65488
65490
65491
65491
65491
65489
65486
65482
65479
65475
65472
65470
65469
65470
65474
65479
65488
65499
65512
65526
6
22
37
52
64
74
82
86
87
85
80
73
64
53
41
29
17
6
65533
65525
65518
65514
65513
65513
65516
65520
65526
65533
5
12
19
24
28
29
28
24
18
9
65535
65524
65512
65501
65490
65480
65473
65468
65466
65466
65469
65475
65483
65492
65503
65514
65525
65535
8
16
22
26
28
28
27
24
20
16
13
9
7
6
7
9
12
18
24
32
41
50
59
66
73
77
79
78
74
67
59
49
39
30
23
18
17
19
24
32
41
51
61
69
74
76
74
68
58
45
28
9
65525
65503
65482
65461
65441
65422
65406
65392
65382
65374
65371
65371
65375
65384
65396
65412
65430
65452
65475
65499
65522
9
31
50
65
78
86
90
90
86
80
71
61
52
43
36
32
31
32
37
44
53
63
73
83
90
95
97
95
88
78
64
46
25
3
65516
65492
65471
65451
65435
65423
65415
65411
65412
65417
65426
65438
65452
65466
65481
65495
65508
65518
65526
65531
65534
65533
65531
65526
65520
65513
65505
65497
65489
65483
65479
65477
65477
65481
65487
65497
65510
65525
6
25
44
62
78
92
103
110
112
111
105
95
81
65
47
28
9
65527
65512
65498
65488
65481
65479
65480
65485
65493
65503
65516
65529
6
17
27
34
38
38
34
27
17
5
65527
65512
65497
65483
65470
65459
65452
65447
65445
65446
65451
65459
65469
65481
65495
65510
65525
3
16
28
37
43
47
47
45
41
35
28
20
12
4
65534
65530
65527
65527
65530
65535
6
15
25
36
46
55
62
67
70
70
68
64
60
56
52
50
49
50
52
54
57
59
60
60
57
53
46
38
29
18
6
65529
65516
65502
65487
65472
65457
65442
65427
65413
65401
65392
65386
65383
65384
65390
65399
65413
65430
65451
65473
65497
65521
9
32
52
71
85
96
103
106
105
100
92
82
71
60
49
40
33
29
27
28
32
38
45
53
60
66
71
73
72
67
60
49
35
19
1
65519
65500
65482
65465
65451
65439
65431
65425
65423
65425
65429
65436
65445
65455
65466
65477
65487
65495
65503
65508
65511
65513
65513
65511
65507
65503
65499
65495
65491
65489
65489
65491
65495
65502
65511
65523
1
16
32
48
64
78
91
101
109
113
113
109
102
92
78
63
46
28
10
65529
65514
65500
65490
65483
65479
65479
65482
65489
65497
65508
65520
65532
8
19
27
33
36
35
31
25
15
3
65525
65511
65496
65482
65468
65457
65448
65441
65438
65437
65440
65445
65453
65464
65477
65491
65505
65520
65535
12
24
34
42
46
48
48
44
39
33
26
19
14
9
7
8
11
16
24
32
41
50
58
64
68
70
70
69
67
65
64
63
63
64
65
66
67
66
64
60
54
46
36
26
14
2
65525
65512
65498
65485
65471
65457
65442
65428
65414
65402
65391
65382
65376
65373
65375
65381
65391
65405
65424
65445
65469
65495
65521
12
37
60
81
98
111
120
125
125
121
114
104
93
80
68
57
48
40
35
33
33
36
40
45
51
56
60
63
63
60
55
46
35
22
6
65526
65508
65491
65475
65461
65449
65439
65432
65427
65426
65427
65430
65435
65442
65450
65458
65466
65475
65482
65489
65494
65498
65501
65502
65502
65500
65498
65495
65492
65490
65489
65490
65492
65497
65505
65515
65527
6
22
39
57
74
91
106
119
129
135
137
135
129
118
104
86
65
43
20
65533
65512
65493
65477
65465
65457
65454
65455
65460
65469
65480
65494
65508
65523
1
13
22
29
32
32
28
21
10
65533
65518
65503
65486
65471
65457
65445
65436
65431
65429
65431
65437
65447
65459
65474
65491
65509
65527
9
25
39
50
59
64
66
66
62
56
49
42
34
28
23
20
19
21
26
32
39
47
54
61
66
69
70
69
65
61
56
50
45
41
38
37
36
37
37
38
39
39
38
36
32
27
20
11
1
65524
65510
65495
65478
65461
65443
65426
65410
65396
65385
65377
