15
3
65529
65521
65515
65510
65507
65505
65504
65504
65505
65506
65507
65508
65509
65509
65509
65508
65507
65504
65501
65496
65492
65486
65481
65476
65472
65469
65468
65469
65471
65476
65484
65494
65505
65518
65532
11
26
41
54
66
76
85
91
94
95
93
89
82
74
63
51
37
23
9
65531
65517
65505
65494
65485
65477
65472
65470
65469
65471
65474
65479
65485
65492
65499
65507
65513
65519
65524
65528
65530
65531
65531
65529
65526
65523
65519
65516
65513
65511
65510
65511
65513
65518
65525
65534
8
20
33
46
59
72
83
93
100
105
107
105
101
93
82
68
51
33
12
65527
65505
65484
65464
65446
65430
65417
65408
65403
65402
65405
65411
65422
65435
65451
65469
65488
65507
65525
7
23
36
47
55
61
63
63
61
57
52
46
40
35
30
26
24
23
23
25
27
30
33
37
40
42
43
42
40
37
31
24
16
6
65531
65520
65508
65496
65485
65475
65467
65460
65455
65452
65452
65453
65457
65463
65471
65481
65491
65503
65514
65526
2
13
23
32
39
45
48
49
49
47
43
38
33
27
21
16
11
8
7
7
9
12
17
23
31
39
47
55
62
68
72
73
72
68
60
50
35
18
65533
65511
65487
65462
65437
65414
65392
65374
65359
65349
65344
65345
65351
65363
65381
65403
65430
65460
65493
65527
26
60
91
120
145
165
179
188
191
189
181
169
152
133
111
87
64
40
18
65533
65515
65500
65487
65478
65472
65470
65470
65473
65479
65486
65494
65502
65510
65517
65523
65527
65528
65527
65524
65519
65512
65503
65494
65485
65476
65468
65462
65458
65456
65457
65460
65467
65476
65488
65502
65518
0
18
37
55
72
88
101
112
119
123
123
118
110
99
84
67
47
27
5
65520
65500
65481
65465
65451
65441
65433
65430
65430
65434
65441
65451
65464
65478
65494
65510
65526
5
18
28
35
39
39
36
30
21
11
65535
65524
65513
65504
65496
65492
65491
65493
65499
65508
65521
0
17
35
54
73
91
106
119
128
132
132
128
118
105
86
64
40
13
65521
65492
65465
65439
65415
65395
65380
65369
65364
65364
65370
65381
65396
65416
65439
65465
65491
65518
8
31
52
70
83
93
98
100
98
93
85
76
66
55
44
34
25
17
12
8
6
7
9
12
16
21
26
30
34
36
36
34
30
24
15
5
65529
65516
65502
65488
65474
65462
65451
65443
65436
65433
65432
65435
65441
65449
65460
65474
65489
65505
65522
3
20
35
48
59
68
73
76
75
72
66
58
48
37
26
15
6
65533
65526
65522
65520
65521
65524
65530
2
12
24
36
48
60
71
79
85
87
86
80
69
54
34
11
65520
65491
65461
65432
65403
65378
65357
65341
65330
65327
65329
65339
65355
65377
65405
65437
65472
65510
13
51
88
122
152
178
197
211
217
217
210
196
178
154
127
98
68
37
8
65517
65493
65473
65458
65447
65440
65438
65441
65447
65457
65468
65482
65496
65510
65523
65535
8
14
17
17
13
6
65533
65522
65509
65495
65482
65469
65458
65450
65445
65443
65446
65453
65464
65479
65497
65519
6
30
54
77
98
117
131
142
148
149
146
137
125
108
87
64
39
13
65523
65497
65473
65451
65432
65417
65407
65401
65400
65404
65412
65425
65441
65460
65481
65502
65524
8
26
41
52
59
62
62
57
49
38
26
12
65535
65522
65510
65501
65495
65492
65493
65497
65506
65518
65533
15
35
55
75
94
111
124
133
137
136
129
117
99
77
51
22
65527
65496
65465
65436
65410
65387
65370
65357
65350
65349
65355
65365
65382
65403
65427
65455
65484
65514
8
35
60
82
99
112
120
124
122
117
108
96
83
68
53
38
24
12
2
65531
65526
65524
65524
65526
65531
1
8
15
23
29
33
36
36
33
28
20
9
65533
65519
65503
65488
65473
65459
65447
65437
65430
65426
65424
65427
65432
65441
65452
65465
65481
65499
65517
0
18
36
52
65
77
84
89
90
88
82
74
63
51
38
25
12
1
65528
65522
65518
65517
65519
65524
65532
6
18
31
44
57
69
79
85
88
86
80
69
52
31
6
65514
65484
65453
65422
65393
65367
65345
65328
65318
65315
65318
65329
65347
65372
65402
65438
65477
65519
25
67
107
143
175
201
220
231
236
232
222
205
183
156
125
92
59
26
65530
65501
65475
65454
65437
65425
65419
65418
65422
65431
65443
65458
65475
65494
65512
65529
8
20
29
33
34
30
22
11
65534
65519
65502
65486
65471
65458
65448
65441
65438
65440
65445
65456
65470
65488
65510
65533
23
48
73
97
117
135
147
155
158
155
146
132
113
90
64
35
5
65510
65480
65453
65428
65407
65391
65380
65374
65375
65381
65392
65409
65429
65452
65478
65504
65531
19
41
60
74
84
88
88
83
73
60
44
27
10
65528
65512
65499
65489
65482
65480
65482
65488
65498
65512
65530
13
35
57
78
97
114
127
135
137
134
124
109
88
62
33
1
65505
65472
65441
65413
65389
65370
65356
65349
65348
65354
65365
65382
65404
65430
65458
65489
65520
15
44
71
94
114
128
138
142
142
136
127
113
97
79
60
41
23
7
65528
65517
65509
65503
65502
65503
65506
65512
65519
65527
0
8
15
21
25
27
26
22
16
7
65532
65520
65507
65493
65479
65466
65455
65445
65438
65435
65434
65437
65443
65453
65465
65480
65497
65516
65535
19
37
55
70
82
92
98
100
98
93
85
74
61
47
31
16
0
65523
65511
65502
65495
65493
65493
65498
65506
65517
65531
11
28
45
61
75
86
93
95
92
83
69
49
25
65533
65503
65471
65439
65409
65381
65356
65337
65324
65318
65319
