65535
65535
65535
0
0
1
1
2
2
3
3
3
3
4
4
3
3
3
2
2
1
1
1
1
0
0
0
0
0
65535
65535
65535
65534
65534
65534
65533
65533
65534
65534
65535
0
0
1
2
2
2
2
2
1
1
0
65535
65534
65534
65533
65533
65533
65533
65533
65533
65534
65534
65534
65534
65534
65534
65534
65534
65533
65533
65533
65533
65533
65533
65533
65533
65533
65533
65534
65534
65534
65534
65535
65535
0
1
2
3
4
4
4
4
3
3
2
1
1
0
0
1
1
2
4
5
5
6
6
6
5
4
3
2
0
65535
65535
65535
65535
65535
0
1
2
4
4
5
5
5
5
4
3
2
1
1
0
0
65535
65535
65535
0
0
0
1
1
2
2
2
3
3
3
3
2
2
1
1
1
0
0
0
0
0
1
1
1
1
1
1
0
0
65535
65535
65534
65534
65533
65533
65533
65533
65533
65533
65533
65534
65534
65534
65535
65535
0
0
0
1
1
1
2
2
2
3
3
3
3
3
3
3
3
3
2
2
1
0
0
65535
65534
65534
65534
65534
65534
65535
65535
65535
0
0
0
0
65535
65534
65534
65533
65532
65532
65531
65532
65532
65532
65533
65534
65535
65535
0
0
1
1
1
1
1
2
2
3
4
4
5
6
6
6
7
6
6
5
4
3
2
1
1
0
65535
65535
65535
65535
65535
65535
65535
0
0
0
1
1
1
2
2
2
2
2
1
1
0
65535
65535
65534
65534
65533
65533
65533
65533
65533
65533
65533
65533
65533
65533
65532
65532
65531
65531
65531
65531
65532
65533
65534
65535
0
1
1
2
2
2
2
1
1
1
1
1
1
1
2
2
2
2
2
2
1
0
65535
65534
65534
65533
65532
65532
65531
65531
65531
65531
65531
65531
65531
65531
65532
65532
65532
65532
65532
65532
65533
65533
65533
65534
65534
65535
65535
65535
0
0
0
0
0
1
1
1
1
1
1
1
1
1
1
1
1
1
1
1
0
0
0
0
0
0
0
0
0
1
1
1
1
1
1
1
0
0
65535
65534
65534
65533
65533
65532
65532
65533
65533
65534
65535
0
1
1
2
2
2
2
2
2
2
1
1
1
1
2
2
2
3
3
4
4
4
4
3
3
2
1
0
65535
65533
65532
65531
65530
65529
65529
65529
65529
65530
65531
65532
65532
65533
65534
65535
65535
65535
65535
65535
65535
65535
65535
0
0
0
1
2
2
2
3
3
3
2
2
1
0
0
65535
65534
65533
65533
65532
65532
65533
65533
65534
65535
0
1
2
3
3
4
4
4
3
3
2
2
1
1
1
1
1
1
2
2
2
2
2
2
2
1
0
0
65535
65535
65534
65534
65535
65535
65535
0
1
1
2
2
2
2
1
1
0
0
65535
65534
65534
65533
65533
65532
65532
65532
65532
65532
65532
65532
65533
65533
65534
65534
65535
65535
0
0
0
65535
65535
65535
65535
65534
65534
65534
65534
65535
65535
65535
65535
65535
65535
65535
65535
65535
65535
65535
65535
65535
0
0
0
1
1
2
2
2
2
1
1
0
65535
65535
65534
65534
65534
65534
65535
65535
0
0
1
1
1
1
0
65535
65534
65533
65532
65531
65530
65529
65529
65529
65529
65529
65530
65531
65532
65534
65535
0
1
2
3
4
4
4
3
3
2
1
0
65534
65533
65532
65532
65532
65531
65532
65532
65533
65533
65534
65535
65535
0
1
1
2
2
3
4
6
8
10
13
16
19
23
25
27
27
25
21
15
7
65532
65520
65506
65492
65476
65461
65445
65430
65415
65402
65390
65381
65377
65379
65389
65408
65438
65478
65528
49
111
174
234
287
329
356
368
362
339
300
246
182
111
36
65496
65425
65361
65306
65265
65238
65227
65232
65252
65286
65332
65387
65446
65506
26
75
115
141
154
153
139
114
80
40
65534
65493
65455
65423
65400
65387
65385
65394
65413
65441
65475
65515
20
60
97
126
147
159
159
150
132
107
77
45
11
65516
65488
65465
65448
65436
65431
65430
65434
65441
65450
65460
65471
65482
65491
65499
65505
65509
65511
65511
65509
65508
65506
65506
65509
65515
65524
0
16
34
54
74
93
109
120
127
128
123
114
101
86
69
51
34
18
2
65521
65504
65486
65467
65448
65430
65416
65408
65410
65424
65451
65494
13
81
155
230
301
360
403
424
420
391
336
260
165
57
65479
65364
65254
65155
65070
65005
64961
64940
64943
64969
65017
65084
65165
65258
65356
65455
13
99
173
232
275
301
312
308
292
266
234
196
157
119
84
55
32
19
15
20
34
55
80
108
134
155
169
173
167
148
118
78
31
65515
65462
65413
65369
65334
65311
65299
65300
65312
65335
65364
65397
65431
65462
65487
65503
65510
65506
65492
65469
65441
65409
65378
65351
65331
65322
65327
65346
65380
65428
65488
22
97
173
246
312
366
407
432
441
433
410
373
325
267
202
133
60
65523
65451
65383
65319
65264
65220
65188
65170
65169
65183
65213
65255
65308
65367
65428
65486
1
42
71
86
87
77
58
33
6
65516
65495
65482
65478
65484
65501
65527
25
65
109
152
193
229
257
277
286
286
275
255
227
194
156
115
73
31
65526
65487
65450
65415
65383
65355
65331
65311
65297
65290
65291
65299
65316
65340
65370
65405
65442
65479
65514
7
30
43
48
44
31
13
65527
65505
65484
65469
65460
65460
65469
65486
65511
4
37
69
98
123
139
148
147
138
122
99
73
46
19
65532
65514
65503
65498
65501
65511
65527
11
34
56
77
95
109
118
121
118
111
100
