65525
65529
65533
1
4
7
9
11
12
12
11
11
9
8
6
4
2
1
0
65535
65535
65535
65535
65535
65535
65535
65534
65533
65532
65530
65529
65528
65527
65527
65527
65529
65531
65534
1
5
9
14
18
22
26
30
33
36
38
39
39
37
35
31
26
19
13
5
65534
65528
65523
65520
65518
65518
65519
65522
65526
65530
65535
4
8
12
15
17
19
19
18
16
12
7
1
65530
65521
65512
65503
65493
65485
65477
65472
65468
65467
65468
65472
65479
65488
65498
65510
65523
65535
12
23
34
43
50
55
58
59
59
57
54
49
44
38
33
27
22
17
13
10
8
7
6
5
4
4
2
1
65534
65531
65526
65521
65515
65509
65502
65496
65490
65485
65481
65479
65478
65479
65481
65484
65489
65495
65502
65509
65516
65523
65530
1
7
12
17
21
24
27
29
31
32
32
32
31
30
29
27
24
21
18
13
8
3
65533
65526
65520
65514
65508
65503
65498
65494
65490
65488
65487
65486
65487
65489
65492
65496
65502
65508
65515
65523
65532
4
11
18
24
28
30
30
29
26
21
16
9
3
65532
65527
65522
65518
65516
65515
65516
65519
65523
65528
65534
5
12
19
26
32
37
40
41
40
38
33
26
18
9
65535
65525
65514
65505
65497
65490
65485
65482
65481
65482
65486
65490
65497
65504
65512
65521
65530
3
11
19
26
31
35
38
39
38
37
34
31
27
22
18
13
9
5
2
65535
65532
65530
65528
65526
65524
65522
65521
65520
65520
65520
65521
65522
65524
65526
65529
65532
65535
3
6
10
13
16
19
22
25
27
29
31
32
33
34
34
35
35
34
33
32
31
29
27
24
22
18
14
10
5
0
65530
65523
65516
65509
65501
65494
65487
65480
65474
65470
65466
65464
65464
65465
65467
65471
65476
65482
65490
65499
65509
65520
65532
9
22
34
46
57
66
73
78
80
80
79
75
70
64
57
49
42
35
29
23
18
14
10
8
5
3
1
65535
65533
65530
65525
65520
65514
65507
65499
65490
65481
65473
65465
65458
65452
65449
65447
65448
65451
65457
65464
65473
65484
65495
65508
65521
65534
10
22
34
44
53
60
67
71
74
76
76
75
72
68
62
56
48
40
31
22
12
2
65528
65519
65509
65500
65492
65484
65477
65470
65465
65461
65459
65458
65459
65462
65466
65471
65478
65486
65494
65502
65511
65520
65529
2
10
19
26
33
39
44
48
50
50
49
45
41
35
28
21
14
9
4
1
0
1
3
7
11
16
21
26
29
31
32
31
28
23
16
8
65534
65524
65513
65503
65493
65484
65476
65469
65465
65462
65462
65464
65468
65474
65481
65490
65501
65512
65523
65534
9
19
28
37
44
49
54
57
59
60
59
58
56
52
48
43
36
30
22
15
7
65535
65528
65520
65514
65508
65504
65500
65498
65497
65497
65498
65499
65502
65506
65510
65514
65519
65524
65530
0
7
14
21
29
37
44
52
59
65
69
73
75
76
74
71
67
61
53
44
34
22
10
65532
65519
65505
65491
65478
65466
65455
65445
65437
65432
65428
65427
65428
65432
65438
65446
65457
65470
65484
65501
65518
65535
17
34
50
64
77
87
94
99
101
101
98
94
88
80
72
63
54
45
36
28
21
15
10
7
5
4
4
5
6
7
7
5
2
65532
65524
65514
65502
65488
65473
65458
65443
65429
65417
65408
65402
65399
65400
65406
65415
65428
65444
65463
65484
65507
65531
19
42
65
85
103
118
130
138
142
143
140
133
124
111
96
80
62
43
24
5
65523
65506
65491
65478
65468
65459
65453
65450
65448
65448
65449
65452
65455
65459
65463
65467
65471
65475
65479
65483
65487
65491
65496
65502
65508
65515
65523
65531
4
13
22
31
39
48
55
61
66
70
72
72
71
69
65
60
54
48
41
33
26
19
13
7
2
65533
65528
65524
65521
65517
65514
65510
65506
65502
65498
65494
65491
65487
65484
65481
65480
65479
65479
65480
65482
65485
65489
65494
65499
65506
65512
65519
65527
65534
5
12
19
26
32
39
44
50
55
59
62
64
65
65
63
60
55
49
41
33
24
14
5
65531
65522
65513
65505
65499
65493
65489
65486
65485
65485
65486
65488
65491
65495
65500
65506
65511
65518
65524
65531
3
11
19
28
37
47
56
65
74
82
89
95
98
99
97
93
85
75
61
45
26
5
65519
65496
65473
65451
65430
65412
65395
65382
65373
65368
65367
65370
65378
65391
65408
65429
65454
65481
65511
5
35
64
90
114
133
148
158
163
163
157
148
134
117
97
77
55
35
16
65535
65522
65512
65506
65504
65506
65510
65518
65526
0
9
17
22
25
24
19
10
65534
65518
65500
65479
65458
65436
65416
65397
65381
65369
65361
65359
65361
65369
65382
65400
65423
65450
65481
65514
12
47
80
112
141
166
187
201
211
214
210
201
187
168
144
117
88
57
27
65533
65505
65480
65458
65440
65426
65417
65412
65411
65413
65418
65426
65435
65444
65453
65462
65469
65475
65480
65483
65485
65486
65486
65486
65487
65488
65490
65494
65500
65507
65516
65526
3
16
31
46
61
75
89
101
110
117
121
122
120
115
107
97
84
70
54
37
21
4
65524
65508
65494
65481
65470
65461
65454
65449
65446
65444
65445
65447
65451
65456
65462
65469
65476
65483
65489
65496
65502
65508
65513
65518
65523
65527
65531
0
4
9
14
19
25
31
37
44
51
58
64
70
75
78
80
80
79
75
69
61
51
39
27
13
65535
65521
65508
65496
65485
65476
65469
65463
65460
65459
65460
65462
65467
65473
65481
65489
65499
65509
65519
65530
5
15
25
36
45
