2
2
2
2
3
3
3
3
3
3
3
3
3
3
3
3
3
3
3
3
2
2
2
2
2
2
2
2
2
2
1
1
1
1
1
1
0
0
0
0
0
0
0
0
0
0
0
0
0
0
0
0
0
0
0
0
0
0
0
0
1
1
1
1
1
1
2
2
2
2
2
2
3
3
3
3
3
3
3
3
4
4
4
4
4
4
4
4
4
4
4
4
3
3
3
3
3
3
3
3
3
3
3
3
3
3
3
3
3
3
3
3
3
3
3
3
4
4
4
4
4
4
4
4
4
4
4
4
5
5
5
5
5
5
5
5
5
5
5
5
4
4
4
4
4
4
4
4
4
4
4
4
4
4
4
4
4
4
4
4
4
4
5
5
5
5
5
5
6
6
6
6
7
7
7
7
8
8
8
8
9
9
9
9
10
10
10
10
10
10
11
11
11
11
11
11
11
11
12
12
12
12
12
12
12
12
12
12
13
13
13
13
13
13
13
13
13
13
13
13
13
13
13
13
13
13
13
13
13
13
13
13
13
13
13
13
13
13
13
13
12
12
12
12
12
12
12
12
11
11
11
11
10
10
10
10
9
9
9
9
9
9
8
8
8
8
8
8
7
7
7
7
7
7
7
7
6
6
6
6
6
6
6
6
6
6
6
6
6
6
6
6
6
6
6
6
5
5
5
5
5
5
5
5
5
5
4
4
4
4
4
4
4
4
4
4
4
4
4
4
4
4
4
4
4
4
4
4
5
5
5
5
5
5
5
5
5
5
5
5
6
6
6
6
5
5
5
5
5
5
5
5
5
5
5
5
4
4
4
4
4
4
4
4
4
4
4
4
4
4
4
4
4
4
4
4
4
4
4
4
5
5
5
5
5
5
5
5
5
5
5
5
5
5
5
5
5
5
4
4
4
4
4
4
3
3
3
2
2
2
1
1
1
0
0
0
65535
65535
65535
65535
65534
65534
65534
65534
65534
65534
65533
65533
65533
65533
65533
65533
65533
65533
65533
65533
65532
65532
65532
65532
65532
65532
65532
65532
65532
65532
65532
65532
65532
65532
65532
65532
65532
65532
65532
65532
65531
65531
65531
65531
65531
65531
65531
65531
65531
65531
65531
65531
65531
65531
65531
65531
65531
65531
65531
65531
65531
65531
65531
65531
65531
65531
65531
65531
65531
65531
65531
65531
65531
65531
65531
65531
65531
65531
65531
65531
65531
65531
65531
65531
65531
65531
65531
65531
65532
65532
65532
65532
65533
65533
65533
65533
65534
65534
65534
65534
65535
65535
65535
65535
0
0
0
0
0
0
0
0
1
1
1
1
1
1
1
1
0
0
0
0
0
0
0
0
0
0
0
0
0
0
0
0
0
0
0
0
1
1
1
1
2
2
2
3
3
3
4
4
4
4
4
4
4
4
4
4
4
4
3
2
2
1
0
65535
65534
65533
65532
65531
65529
65528
65526
65524
65523
65521
65519
65517
65515
65513
65512
65510
65508
65506
65504
65502
65501
65499
65497
65496
65494
65492
65491
65489
65488
65487
65486
65485
65484
65483
65482
65482
65482
65482
65482
65482
65482
65482
65482
65483
65483
65484
65485
65486
65487
65488
65490
65491
65492
65494
65495
65497
65498
65500
65501
65503
65504
65506
65507
65509
65510
65511
65513
65514
65515
65516
65518
65519
65520
65521
65522
65523
65524
65525
65526
65527
65528
65529
65529
65530
65531
65531
65532
65532
65533
65533
65534
65534
65534
65535
65535
65535
65535
65535
65535
65535
65535
65534
65534
65533
65532
65531
65530
65529
65527
65526
65524
65522
65520
65518
65516
65514
65512
65510
65507
65505
65503
65500
65498
65495
65493
65491
65488
65486
65484
65482
65480
65479
65477
65475
65474
65473
65471
65470
65469
65468
65467
65466
65466
65465
65464
65464
65463
65463
65463
65462
65462
65461
65461
65461
65460
65460
65459
65458
65458
65457
65456
65455
65454
65453
65452
65451
65449
65448
65447
65446
65444
65443
65442
65442
65441
65440
65439
65439
65438
65438
65438
65438
65438
65438
65439
65439
65440
65441
65443
65444
65446
65448
65451
65453
65456
65459
65463
65466
65470
65474
65478
65483
65488
65492
65497
65503
65508
65513
65519
65525
65531
1
7
13
19
26
32
38
45
51
58
64
71
77
83
89
95
101
107
113
118
123
129
134
139
143
148
152
156
159
162
165
168
170
172
174
175
176
177
177
177
177
176
175
174
173
171
169
167
164
162
159
157
154
151
148
146
143
141
139
137
135
134
133
133
132
133
133
134
135
137
139
141
144
147
150
154
157
161
165
169
173
177
181
185
188
191
194
196
198
200
201
201
201
200
199
197
194
190
186
181
175
169
162
154
145
136
126
116
104
93
81
68
55
41
27
13
65534
65519
65504
65488
65473
65457
65441
65425
65408
65392
65376
65359
65343
65327
65311
65295
65280
65265
65250
65235
65221
65207
65194
65181
65169
65157
65146
65137
65127
65119
65112
65106
65100
65096
65093
65091
65090
65090
65092
65094
65098
65103
65108
65115
65124
65133
65143
65154
65167
65180
65194
65208
65224
65240
65256
65273
65291
65308
65327
65345
65363
65381
65400
65418
65436
65453
65471
65487
65504
65520
65535
14
29
42
55
68
79
90
100
109
117
125
132
138
143
147
151
154
156
158
159
159
158
157
156
154
152
149
145
142
138
134
129
124
120
115
110
105
100
96
91
87
82
78
75
71
68
65
62
60
57
56
54
53
52
51
51
51
51
51
51
52
52
53
54
54
55
55
56
56
56
56
55
54
53
52
50
47
45
42
38
34
30
25
20
14
9
2
65532
65525
65518
65511
65503
65495
65487
65479
65471
65463
65455
65447
65440
65432
65425
65418
65411
65405
65399
65394
65389
65385
65382
65379
65378
65376
65376
65377
65378
65381
65384
65389
65394
65400
65407
65416
65425
65435
65445
65457
65470
65483
65497
65512
65528
8
24
41
59
77
95
113
131
150
168
186
204
222
239
256
273
289
304
318
332
345
357
368
378
387
395
401
407
412
415
418
419
418
417
415
411
406
400
393
385
376
366
355
343
331
317
303
288
272
255
239
221
204
186
167
149
130
111
92
73
55
36
18
0
65518
65501
65484
65468
65452
65437
65422
65408
65395
65382
65370
65359
65349
65340
65331
65323
65317
65311
65305
65301
65297
65294
65292
65291
65290
65290
65291
65293
65295
65297
65300
65304
65308
65312
65317
65323
65328
65334
65340
65346
65351
65357
65363
65369
65375
65380
65386
65391
65396
65400
65405
65409
65412
65416
65419
65422
65424
65426
65428
65429
65430
65431
65431
65431
65431
65431
65431
65431
65431
65431
65431
65432
65432
65433
65435
65437
65440
65443
65447
65451
65457
65463
65470
65479
65488
65498
65509
65521
65534
12
27
43
60
78
96
115
135
156
176
197
219
240
262
283
303
324
344
363
382
400
416
432
447
460
471
482
490
497
503
506
508
508
506
502
497
489
480
468
455
440
424
405
386
364
341
317
292
265
237
207
177
146
114
82
49
15
65518
65483
65449
65415
65381
65347
65313
65280
65247
65215
65184
65154
65124
65096
65069
65043
65019
64997
64976
64956
64939
64923
64910
64898
64888
64880
64875
64871
64870
64871
64874
64879
64886
64895
64907
64920
64935
64951
64970
64990
65011
65034
65058
65083
65109
65136
65164
65192
65221
65250
65279
65308
65337
65366
65395
65423
65450
65477
65502
65527
15
39
61
82
101
120
137
153
167
180
192
203
212
220
227
232
237
240
242
243
243
242
240
237
233
229
224
218
212
206
199
191
184
176
168
161
153
145
137
130
123
117
110
105
100
95
91
87
84
81
79
78
77
77
77
78
80
82
84
87
90
93
97
101
105
109
112
116
120
123
126
129
131
133
134
135
135
135
133
131
128
125
120
115
109
101
93
85
75
65
53
41
29
15
1
65522
65507
65492
65475
65459
65442
65425
65408
65391
65374
65358
65341
65325
65308
65293
65278
65263
65249
65236
65223
65212
65201
65192
65183
65176
65169
65164
65161
65158
65157
65157
65159
65162
65166
65172
65179
65187
65196
65207
65219
65232
65246
65262
65278
65295
65314
65333
65353
65373
65394
65416
65438
65460
65482
65505
65527
14
36
58
79
100
121
141
160
179
196
213
229
243
257
269
280
290
299
307
313
318
322
325
327
327
326
325
322
318
313
307
300
292
284
275
265
255
244
233
222
210
198
186
175
163
151
140
129
118
107
97
88
79
70
62
55
48
42
36
31
27
24
21
19
17
16
15
15
16
17
18
20
22
25
28
31
34
37
41
44
47
51
54
57
59
62
64
65
67
67
67
67
66
65
63
60
56
52
47
41
35
28
20
12
3
65530
65520
65510
65500
65489
65479
65468
65458
65447
65437
65428
65419
65411
65403
65396
65391
65386
65383
65381
65380
65381
65383
65387
65392
65399
65408
65418
65430
65443
65458
65474
65492
65511
65531
16
38
61
85
109
133
158
182
206
230
254
276
298
319
339
358
375
391
405
417
428
437
443
448
451
451
450
446
441
433
423
411
398
382
364
345
324
300
276
249
221
192
161
129
95
61
26
65525
65488
65450
65411
65372
65332
65292
65252
65212
65172
65133
65093
65054
65016
64979
64943
64908
64874
64841
64811
64782
64754
64729
64706
64686
64667
64652
64638
64628
64620
64615
64613
64614
64618
64625
64635
64647
64663
64681
64702
64725
64751
64779
64809
64842
64876
64912
64949
64987
65027
65068
65109
65150
65192
65234
65276
65317
65358
65399
65438
65476
65513
13
48
80
111
140
168
193
216
237
256
272
286
298
308
316
322
325
326
325
323
318
311
303
293
282
269
254
239
222
205
186
167
148
127
107
87
66
46
25
6
65522
65503
65485
65468
65452
65437
65422
65410
65398
65388
65379
65372
65366
65361
65358
65357
65357
65358
65361
65365
65371
65378
65387
65396
65407
65418
65430
65443
65457
65471
65486
65501
65517
65532
12
27
43
58
72
86
99
112
124
135
145
155
163
170
176
181
185
187
189
189
188
186
183
179
174
168
161
153
144
134
124
113
102
90
78
65
52
39
26
13
1
65524
65512
65500
65488
65477
65467
65457
65447
65439
65431
65424
65418
65413
65409
65406
65404
65403
65403
65405
65407
65410
65414
65420
65426
65433
65442
65451
65461
65473
65484
65497
65510
65524
2
16
32
47
63
79
95
110
126
142
157
173
188
202
217
230
243
256
268
279
289
299
308
316
324
330
336
342
346
350
353
355
357
358
358
358
357
356
354
352
349
346
342
338
334
329
324
318
313
307
300
294
287
281
274
267
260
252
245
237
230
222
214
207
200
192
185
178
172
165
159
154
148
143
138
134
130
127
124
121
119
118
117
116
116
116
116
117
117
118
119
120
121
121
122
122
121
121
120
118
116
113
110
106
101
96
90
84
76
69
61
52
44
35
26
17
8
65535
65527
65519
65512
65506
65500
65495
65491
65489
65487
65486
65487
65489
65492
65497
65503
65510
65519
65528
3
15
28
41
56
71
86
102
117
133
149
164
179
194
207
220
232
243
252
260
267
272
276
278
278
277
274
269
263
255
245
234
221
206
190
172
152
131
109
86
61
35
8
65516
65487
65457
65426
65395
65362
65329
65296
65261
65227
65192
65157
65122
65087
65052
65017
64982
64948
64914
64881
64849
64818
64787
64758
64730
64704
64679
64656
64635
64615
64598
64583
64570
64560
64552
64546
64543
64543
64545
64550
64557
64567
64579
64594
64612
64632
64654
64678
64705
64733
64763
64795
64829
64863
64899
64937
64975
65013
65053
65093
65133
65173
65213
65254
65293
65333
65372
65410
65447
65483
65519
17
50
82
112
141
169
195
220
243
264
284
303
320
335
349
362
372
382
390
396
401
405
408
409
409
407
405
401
397
391
385
377
370
361
352
342
332
322
311
300
289
278
267
256
246
235
225
215
206
197
188
180
172
165
159
153
147
142
138
134
131
128
126
124
122
121
120
120
119
119
119
119
119
118
118
118
118
117
116
115
114
113
112
110
108
106
103
100
97
94
91
87
84
80
76
73
69
65
61
58
54
50
47
43
40
37
35
32
30
28
26
25
24
23
23
23
23
24
25
27
29
32
35
39
43
47
53
58
65
72
79
87
95
104
113
122
132
142
153
163
174
185
196
206
217
227
238
247
257
266
274
282
289
296
302
307
311
314
317
318
319
319
318
316
314
310
306
302
296
290
284
277
269
261
253
244
235
226
217
208
198
189
179
169
160
150
140
130
120
110
100
90
80
70
59
49
38
27
15
4
65528
65516
65504
65491
65479
65466
65453
65440
65427
65413
65400
65387
65375
65362
65350
65338
65327
65316
65306
65296
65287
65279
65271
65265
65259
65254
65250
65246
65244
65242
65241
65241
65242
65243
65245
65247
65250
65254
65258
65262
65266
65271
65276
65281
65286
65292
65297
65302
65306
65311
65316
65320
65324
65328
65332
65336
65339
65343
65346
65349
65352
65355
65358
65362
65365
65369
65372
65376
65381
65385
65390
65395
65401
65407
65413
65420
65427
65435
65442
65451
65459
65468
65476
65485
65494
65504
65513
65522
65531
5
14
23
31
40
49
57
65
73
80
87
94
100
107
113
118
124
129
134
139
144
149
153
158
162
166
170
174
178
181
185
189
192
195
198
201
203
206
208
209
211
212
213
213
214
213
212
211
209
207
204
200
197
193
188
183
178
172
166
160
153
146
139
132
125
117
109
101
93
85
77
69
61
52
44
35
26
17
7
65534
65524
65515
65504
65494
65483
65472
65461
65449
65436
65424
65411
65398
65384
65370
65356
65342
65327
65312
65296
65281
65266
65251
65236
65221
65206
65192
65178
65165
65152
65140
65128
65118
65108
65099
65091
65084
65078
65073
65069
65067
65065
65065
65066
65068
65071
65075
65080
65087
65094
65102
65111
65121
65132
65143
65156
65168
65182
65195
65210
65224
65239
65253
65268
65283
65299
65314
65329
65343
65358
65372
65386
65400
65413
65425
65437
65449
65459
65469
65479
65487
65495
65502
65507
65512
65516
65519
65522
65523
65523
65522
65520
65518
65514
65509
65504
65498
65490
65482
65474
65464
65454
65444
65433
65421
65409
65397
65385
65373
65360
65348
65336
65325
65313
65302
65292
65282
65273
65265
65257
65251
65245
65239
65235
65232
65229
65228
65227
65228
65229
65232
65235
65239
65244
65250
65256
65263
65271
65280
65289
65299
65310
65321
65333
65345
65358
65371
65384
65398
65412
65426
65441
65456
65471
65487
65503
65518
65534
14
30
46
62
78
94
110
126
141
156
171
186
200
214
227
240
253
265
276
287
297
306
315
323
330
337
343
348
353
357
360
363
365
367
368
368
368
368
367
366
365
363
361
359
356
354
351
348
345
342
339
336
333
329
326
323
319
315
312
308
304
300
296
292
287
282
277
272
267
261
255
249
242
235
228
221
214
206
198
191
183
175
167
159
152
145
138
131
125
119
113
108
103
99
96
93
90
88
87
86
86
87
87
89
91
93
96
100
103
107
111
116
120
125
129
134
138
142
146
150
153
156
159
161
163
165
166
166
166
166
165
164
162
160
158
155
151
148
144
140
136
132
127
122
118
113
107
102
97
92
86
81
75
69
63
57
51
44
38
31
23
16
8
0
65528
65519
65510
65500
65490
65480
65470
65459
65447
65436
65424
65412
65400
65388
65376
65364
65352
65340
65328
65316
65304
65293
65282
65271
65261
65251
65242
65234
65226
65219
65212
65207
65202
65198
65195
65192
65191
65190
65190
65191
65193
65195
65198
65202
65206
65211
65217
65223
65229
65236
65243
65251
65259
65267
65275
65282
65290
65298
65305
65313
65320
65326
65332
65337
65341
65345
65348
65350
65351
65351
65351
65349
65346
65342
65338
65332
65325
65318
65309
65300
65290
65279
65267
65255
65242
65229
65215
65201
65187
65174
65160
65146
65132
65119
65107
65095
65083
65073
65063
65054
65047
65040
65035
65030
65027
65025
65025
65025
65027
65030
65034
65040
65046
65054
65063
65073
65084
65096
65109
65123
65137
65153
65169
65185
65202
65220
65239
65258
65277
65297
65317
65337
65358
65379
65400
65422
65444
65466
65488
65510
65533
19
42
64
87
109
132
154
176
197
218
239
259
278
297
316
333
350
365
380
394
406
418
428
438
446
453
458
463
466
469
470
470
469
466
463
460
455
450
444
437
430
423
415
407
400
392
384
376
368
361
354
347
341
335
329
324
320
316
312
309
307
305
303
302
302
301
302
302
303
305
307
309
312
314
317
320
324
327
331
335
339
343
347
352
356
361
366
371
376
381
386
391
396
401
406
411
415
420
424
428
431
434
437
439
441
442
442
442
440
438
435
431
426
420
413
404
395
384
373
360
346
331
315
298
280
261
242
222
201
180
159
137
115
93
71
50
28
7
65523
65504
65485
65467
65450
65434
65419
65405
65393
65382
65372
65363
65355
65349
65344
65340
65337
65335
65334
65334
65335
65337
65339
65342
65345
65348
65352
65355
65359
65362
65365
65368
65370
65372
65374
65375
65375
65375
65374
65372
65369
65366
65363
65359
65354
65349
65343
65337
65331
65324
65317
65310
65303
65296
65289
65282
65275
65268
65262
65255
65249
65242
65237
65231
65226
65220
65215
65211
65206
65201
65196
65192
65187
65183
65178
65174
65169
65165
65160
65155
65151
65146
65141
65136
65132
65127
65123
65119
65116
65113
65110
65108
65107
65106
65106
65107
65109
65112
65116
65121
65127
65134
65142
65152
65162
65174
65186
65200
65214
65230
65246
65263
65281
65300
65318
65338
65357
65377
65397
65416
65436
65456
65475
65493
65511
65529
10
26
42
57
71
84
96
107
118
128
136
144
151
157
162
166
170
173
175
176
177
177
176
175
173
170
167
164
160
155
150
144
138
132
125
118
111
103
95
86
78
69
61
52
43
34
26
18
9
2
65530
65523
65517
65511
65506
65501
65497
65493
65491
65489
65487
65487
65487
65488
65490
65492
65496
65499
65504
65509
65515
65522
65529
0
9
17
26
35
44
53
62
71
80
89
98
107
115
123
130
138
144
151
157
162
167
172
176
180
183
186
188
189
190
191
191
191
190
189
188
186
184
181
178
175
172
169
165
162
158
155
151
147
144
141
138
135
133
130
128
127
125
124
124
123
124
124
125
127
128
130
132
134
137
140
142
145
148
150
153
155
157
159
160
161
162
162
161
160
158
156
153
150
146
141
136
130
124
117
109
102
94
85
77
68
60
51
43
34
26
18
11
4
65533
65527
65521
65515
65510
65505
65501
65497
65494
65491
65488
65486
65484
65482
65480
65479
65477
65476
65475
65474
65472
65471
65470
65468
65467
65465
65463
65462
65460
65459
65457
65455
65454
65453
65452
65451
65451
65451
65452
65453
65455
65457
65460
65464
65468
65473
65479
65485
65492
65499
65507
65516
65525
65534
8
18
28
38
48
58
68
78
87
95
103
111
117
123
128
132
135
138
139
140
140
139
138
136
133
129
125
121
116
111
106
100
95
89
84
79
74
69
65
60
57
53
50
47
45
43
41
40
39
38
37
37
37
36
36
35
35
34
33
32
31
30
28
26
24
21
18
15
12
9
5
1
65533
65529
65524
65519
65515
65510
65505
65500
65495
65490
65485
65480
65474
65469
65464
65458
65452
65446
65440
65434
65427
65420
65413
65405
65398
65389
65381
65372
65362
65352
65342
65331
65320
65308
65296
65284
65271
65259
65246
65233
65220
65208
65195
65183
65171
65160
65149
65138
65129
65120
65111
65104
65098
65092
65088
65085
65083
65083
65083
65085
65088
65092
65097
65104
65111
65120
65130
65141
65152
65165
65179
65193
65208
65224
65240
65256
65273
65290
65307
65324
65341
65359
65376
65393
65410
65426
65443
65459
65474
65490
65505
65519
65533
11
25
38
50
62
74
85
96
106
116
126
135
144
153
161
169
177
184
191
197
203
209
214
219
223
227
230
233
235
237
239
240
240
240
239
238
237
235
233
230
227
224
221
217
213
209
204
200
196
191
187
183
178
174
170
166
162
158
155
151
147
144
140
137
134
130
127
124
121
117
114
111
107
104
100
97
93
90
86
83
79
76
73
70
67
64
62
60
58
57
56
55
55
55
55
56
58
59
61
63
66
69
71
74
77
81
84
87
89
92
95
97
99
100
102
102
103
102
102
101
99
98
96
93
90
87
84
81
77
74
70
67
64
61
58
55
53
51
49
48
47
46
45
45
45
45
46
46
47
47
48
48
48
48
48
47
46
44
42
39
36
33
28
24
19
13
7
1
65530
65523
65516
65508
65501
65493
65486
65478
65470
65463
65456
65449
65442
65436
65429
65424
65418
65413
65407
65402
65398
65393
65388
65384
65379
65375
65370
65366
65361
65356
65351
65346
65341
65335
65329
65323
65317
65311
65304
65298
65292
65285
65279
65273
65268
65262
65257
65253
65249
65246
65244
65242
65242
65242
65243
65244
65247
65251
65256
65261
65268
65275
65283
65292
65302
65312
65323
65334
65346
65358
65369
65381
65393
65405
65416
65427
65438
65448
65458
65467
65475
65482
65489
65495
65501
65506
65510
65513
65516
65519
65520
65522
65523
65523
65524
65524
65524
65525
65525
65525
65526
65527
65528
65529
65530
65532
65534
0
3
6
8
11
14
18
21
24
27
30
33
36
38
40
41
42
43
43
42
41
39
37
34
31
27
22
17
12
7
1
65531
65526
65520
65515
65510
65505
65501
65497
65493
65490
65488
65487
65486
65486
65487
65489
65491
65495
65499
65503
65508
65514
65521
65528
65535
7
15
24
32
41
50
59
68
76
85
93
102
109
117
124
131
138
145
151
157
163
168
173
179
184
189
193
198
203
208
212
217
222
227
231
236
240
244
248
252
255
258
261
263
265
266
267
267
267
266
264
261
258
254
250
245
239
233
227
220
213
206
199
192
185
178
171
165
159
154
149
145
142
139
137
136
136
136
137
138
140
143
145
149
152
156
159
