117
108
97
86
73
59
44
28
11
65529
65511
65491
65471
65451
65430
65409
65388
65367
65346
65325
65304
65284
65264
65245
65226
65208
65191
65175
65160
65146
65133
65121
65110
65101
65093
65087
65082
65078
65076
65075
65076
65079
65083
65088
65095
65103
65113
65124
65137
65151
65166
65183
65200
65219
65239
65259
65281
65303
65327
65350
65375
65400
65425
65450
65476
65502
65527
17
42
67
91
115
138
161
183
204
224
243
261
277
293
307
320
331
341
350
357
363
367
370
372
371
370
367
363
357
350
341
332
321
309
296
283
268
253
237
220
204
187
170
153
137
120
104
89
74
60
47
35
25
15
7
1
65531
65527
65525
65524
65524
65525
65528
65532
2
8
15
23
32
41
51
61
71
81
91
101
110
118
126
133
139
144
148
152
154
155
155
154
151
148
144
139
134
128
121
114
107
99
92
84
77
71
64
58
53
48
44
40
37
35
33
32
32
32
33
34
36
38
39
41
43
45
46
47
47
47
46
45
43
39
35
30
24
17
9
0
65525
65514
65502
65489
65476
65462
65447
65431
65415
65399
65383
65366
65349
65333
65317
65301
65286
65272
65258
65245
65233
65222
65212
65203
65196
65190
65186
65183
65181
65181
65183
65186
65191
65198
65206
65215
65227
65239
65253
65269
65285
65303
65322
65342
65363
65385
65407
65429
65452
65475
65498
65521
8
30
52
73
93
112
130
147
162
175
188
198
207
214
219
222
223
222
219
214
208
200
190
178
165
150
134
116
98
78
58
37
16
65530
65509
65487
65465
65444
65423
65403
65384
65366
65348
65332
65318
65304
65292
65282
65274
65267
65262
65259
65258
65259
65261
65266
65273
65281
65291
65303
65316
65331
65347
65365
65383
65403
65424
65446
65468
65490
65513
1
24
47
71
93
115
137
157
177
195
213
229
243
257
268
278
287
293
298
301
302
301
298
294
287
279
269
257
244
229
213
195
176
156
135
112
89
66
41
16
65527
65502
65477
65452
65427
65403
65379
65356
65334
65313
65293
65274
65256
65239
65224
65211
65199
65189
65180
65174
65169
65166
65165
65165
65168
65173
65179
65187
65197
65208
65222
65236
65252
65270
65289
65309
65330
65352
65376
65400
65425
65451
65477
65504
65531
22
49
76
103
130
156
181
206
230
253
275
296
315
333
349
364
377
388
397
404
410
413
414
413
410
405
397
388
376
363
347
330
311
290
268
244
219
193
166
139
110
82
53
25
65532
65504
65477
65450
65424
65399
65376
65354
65333
65314
65297
65282
65269
65257
65248
65241
65236
65232
65231
65232
65235
65240
65246
65254
65264
65275
65288
65302
65317
65333
65350
65367
65385
65404
65422
65441
65459
65478
65496
65514
65531
12
28
43
57
70
82
93
103
111
118
124
128
131
133
133
132
130
126
121
116
109
101
92
83
73
62
50
39
27
15
3
65528
65517
65506
65496
65487
65479
65472
65466
65461
65458
65457
65457
65458
65461
65466
65472
65481
65491
65502
65516
65531
11
29
48
68
88
110
132
155
178
200
223
246
268
289
309
329
347
363
378
391
403
412
419
425
428
429
427
423
417
409
398
385
370
353
334
313
290
266
240
213
185
156
126
95
64
32
0
65504
65472
65440
65408
65377
65347
65317
65288
65261
65234
65209
65186
65163
65143
65124
65107
65091
65077
65066
65056
65047
65041
65037
65035
65034
65035
65038
65043
65049
65057
65066
65076
65087
65100
65114
65128
65143
65159
65175
65191
65208
65224
65240
65256
65272
65287
65301
65315
65328
65341
65352
65363
65373
65383
65391
65399
65406
65412
65417
65422
65426
65430
65433
65436
65439
65442
65444
65447
65449
65451
65454
65457
65460
65463
65467
65471
65475
65480
65485
65490
65496
65503
65509
65516
65523
65530
2
10
18
25
33
41
49
57
64
72
79
86
93
100
106
112
118
123
128
133
138
142
146
150
153
156
159
161
164
166
167
169
170
171
171
172
172
171
171
169
168
166
164
161
158
155
151
146
142
137
131
125
119
112
105
97
90
81
73
64
56
47
37
28
19
9
0
65526
65517
65507
65498
65489
65480
65471
65463
65455
65447
65440
65433
65427
65421
65415
65410
65406
65402
65398
65394
65392
65389
65387
65385
65384
65383
65382
65381
65381
65381
65381
65381
65381
65381
65381
65381
65382
65382
65383
65384
65385
65385
65386
65388
65389
65390
65392
65394
65397
65399
65402
65406
65409
65413
65418
65423
65428
65434
65440
65446
65453
65460
65468
65475
65483
65491
65498
65506
65513
65520
65527
65534
4
10
15
20
24
28
31
33
35
35
36
36
35
34
33
31
29
27
25
23
21
20
18
17
17
17
18
20
22
26
30
35
41
48
56
65
74
84
95
106
118
130
142
155
167
179
192
203
215
225
235
245
253
261
267
272
277
279
281
281
280
278
274
269
263
255
247
237
226
215
202
189
175
161
146
132
117
102
88
74
60
47
35
24
15
6
65535
65530
65526
65524
65524
65526
65529
65535
7
18
30
44
60
79
99
121
145
170
196
224
252
281
311
340
369
398
427
454
480
504
527
547
565
581
594
604
610
614
614
610
602
591
576
558
536
510
481
448
412
373
332
287
241
192
141
89
35
65517
65462
65407
65351
65296
65242
65188
65135
65084
65034
64987
64941
64898
64857
64818
64783
64750
64720
64694
64670
64650
64633
64619
64609
64602
64598
64597
64599
64605
64613
64623
64637
64653
64672
64693
64716
64741
64768
64796
64826
64858
64891
64924
64959
64994
65030
65066
65101
65137
65173
65208
65243
65277
65310
65342
65373
65403
65431
65458
65483
65507
65529
14
33
51
67
81
94
105
115
124
131
137
142
146
150
152
154
156
157
158
159
159
160
160
161
162
163
165
166
168
171
174
177
181
185
189
194
199
204
209
214
220
225
231
236
241
246
251
256
260
264
267
270
273
275
277
278
279
279
278
277
276
274
271
268
265
261
256
251
246
240
234
227
220
212
204
195
186
177
167
156
146
135
123
111
99
86
73
59
46
31
17
2
65523
65508
65493
65478
65462
65447
65431
65415
65400
65384
65369
65354
65340
65325
65311
65297
65284
65271
65259
65248
65237
65227
65218
65210
65203
65197
65191
65187
65184
65182
65181
65181
65182
65184
65188
65192
65198
65204
65212
65220
65230
65240
65251
65263
65276
65289
65303
65317
65331
65346
65361
65376
65392
65407
65423
65438
65453
65468
65482
65497
65510
65523
0
12
24
35
46
56
65
74
82
89
96
102
108
113
117
120
124
126
128
129
130
131
130
130
129
127
125
123
121
118
115
111
108
104
100
96
92
89
85
81
77
74
71
68
66
63
62
61
60
60
60
60
62
63
66
68
71
75
78
83
87
92
96
101
106
111
116
121
126
130
135
138
142
145
148
150
152
154
155
155
155
155
154
153
151
149
147
144
141
138
135
131
127
123
118
114
110
105
100
96
91
86
81
75
70
64
59
52
46
39
32
25
17
9
1
65528
65520
65511
65501
65492
65482
65472
65462
65453
65443
65433
65423
65414
65404
65396
65387
65379
65372
65366
65360
65354
65350
65346
65343
65341
65340
65339
65340
65341
65343
65346
65350
65354
65359
65365
65371
65378
65385
65393
65401
65409
65418
65427
65435
65444
65453
65463
65472
65481
65489
65498
65507
65515
65524
65532
4
12
19
26
34
41
47
54
61
67
73
79
84
90
95
100
104
109
113
117
121
124
128
131
134
136
139
141
143
145
146
148
149
150
151
153
154
156
157
159
161
163
166
169
172
176
181
186
191
198
205
212
220
229
239
249
260
271
283
295
308
321
334
347
361
374
388
401
414
426
438
448
459
468
476
482
488
492
494
495
495
492
488
482
474
463
451
437
420
401
380
357
332
305
276
245
212
177
141
102
62
21
65514
65471
65425
65379
65333
65285
65237
65188
65139
65091
65042
64994
64946
64899
64853
64807
64763
64720
64679
64640
64602
64567
64534
64504
64477
64452
64430
64412
64396
64384
64376
64371
64370
64373
64379
64389
64403
64421
64443
64468
64497
64530
64565
64604
64647
64692
64739
64790
64842
64897
64953
65011
65070
65131
65192
65254
65316
65378
65440
65501
26
86
145
202
259
313
366
418
467
514
559
602
642
680
716
750
782
811
838
863
886
906
925
941
956
968
979
988
996
1001
1005
1007
1008
1007
1005
1001
996
990
982
973
963
951
939
925
910
894
877
860
841
821
801
779
757
734
711
686
662
636
610
584
557
529
502
473
445
416
387
358
329
299
269
239
209
179
149
118
88
58
28
65534
65505
65475
65446
65417
65388
65360
65332
65305
65278
65252
65227
65202
65179
65155
65133
65112
65091
65071
65053
65035
65018
65002
64987
64973
64960
64948
64937
64926
64917
64908
64901
64894
64888
64883
64878
64875
64872
64869
64868
64867
64867
64867
64869
64871
64874
64878
64882
64888
64894
64901
64909
64919
64929
64940
64952
64966
64980
64996
65012
65030
65048
65068
65088
65110
65132
65155
65178
65202
65226
65251
65275
65300
65325
65350
65375
65400
65424
65447
65470
65492
65513
65533
16
34
51
66
81
94
106
116
126
134
141
146
151
154
157
158
158
157
156
153
150
147
143
138
133
128
123
117
111
106
100
94
89
83
78
73
69
65
61
58
55
53
52
51
50
51
52
53
55
58
62
67
72
78
84
91
99
108
116
126
135
146
156
166
177
187
198
208
217
226
234
242
248
253
257
260
262
261
260
256
251
244
235
224
211
196
179
160
140
118
94
69
42
14
65521
65491
65461
65429
65397
65365
65333
65301
65269
65237
65207
65177
65147
65120
65093
65068
65045
65023
65003
64984
64968
64954
64941
64931
64923
64916
64912
64910
64910
64911
64915
64920
64927
64936
64946
64958
64971
64985
65001
65017
65035
65053
65073
65093
65114
65136
65158
65180
65203
65227
65250
65275
65299
65324
65348
65373
65399
65424
65449
65475
65500
65526
16
41
67
93
118
144
169
194
218
243
267
290
314
337
359
381
402
423
443
462
481
499
516
533
548
563
577
589
601
613
623
633
642
650
657
664
670
675
679
683
686
689
691
692
693
693
693
693
691
690
688
685
682
678
673
668
663
656
649
642
634
625
615
605
594
582
569
555
541
526
510
493
476
459
440
421
402
382
361
341
319
298
276
254
233
211
189
167
146
124
102
81
60
39
19
65535
65515
65496
65477
65458
65440
65421
65404
65386
65369
65352
65335
65319
65303
65287
65272
65257
65242
65227
65213
65199
65185
65172
65159
65146
65134
65122
65111
65100
65089
65079
65070
65062
65054
65047
65040
65035
65030
65026
65024
65022
65021
65021
65023
65025
65029
65034
65040
65048
65057
65067
65078
65091
65105
65120
65136
65154
65173
65193
65214
65236
65260
65284
65309
65336
65363
65391
65420
65449
65479
65509
3
34
65
96
126
157
187
217
247
276
304
331
357
383
407
430
452
472
491
508
524
539
552
563
573
581
587
592
596
598
598
597
595
591
586
579
571
562
552
541
528
515
501
486
469
452
434
415
395
375
353
331
308
285
261
236
210
184
157
130
102
74
45
15
65522
65492
65461
65431
65401
65370
65340
65310
65281
65251
65222
65194
65166
65139
65112
65087
65063
65039
65017
64996
64976
64957
64940
64924
64909
64896
64884
64873
64865
64857
64851
64846
64843
64841
64841
64841
64843
64847
64852
64858
64865
64873
64883
64894
64905
64918
64932
64947
64962
64979
64996
65014
65032
65051
65071
65091
65112
65134
65155
65177
65199
65220
65242
65264
65285
65307
65328
65348
65368
65387
65406
65424
65441
65458
65473
65487
65501
65513
65525
65535
9
17
24
30
35
39
42
44
45
46
46
45
44
42
40
37
35
32
29
27
24
22
20
19
18
17
17
18
19
21
23
27
31
35
41
47
54
61
69
77
86
96
105
115
125
136
146
156
166
176
186
195
204
212
220
227
233
238
243
246
249
251
251
251
249
247
244
239
234
228
221
213
204
194
184
173
161
149
137
124
111
98
84
70
57
43
30
16
3
65526
65513
65500
65487
65475
65463
65451
65439
65428
65418
65408
65398
65388
65379
65370
65361
65353
65344
65336
65329
65321
65314
65307
65301
65294
65288
65283
65278
65273
65269
65266
65263
65261
65259
65259
65259
65259
65261
65264
65267
65272
65278
65285
65292
65301
65311
65323
65335
65348
65362
65377
65393
65410
65428
65446
65465
65485
65506
65526
12
33
55
77
100
122
145
168
191
213
235
258
279
301
322
342
363
382
401
420
438
455
471
487
501
515
528
540
551
561
570
577
584
589
593
596
597
597
595
592
588
582
575
566
556
545
532
519
504
488
470
452
433
414
393
373
351
330
308
286
265
243
222
201
181
161
142
124
107
91
76
62
49
38
27
18
10
4
65534
65529
65526
65523
65522
65521
65521
65522
65523
65525
65527
65530
65533
0
2
5
7
9
10
11
11
11
9
7
3
65535
65529
65522
65514
65505
65495
65483
65471
65457
65442
65426
65409
65390
65371
65352
65331
65310
65289
65267
65245
65224
65202
65180
65158
65137
65117
65097
65078
65060
65043
65027
65012
64998
64987
64976
64967
64960
64954
64950
64948
64947
64948
64951
64955
64961
64969
64978
64989
65001
65015
65030
65046
65064
65082
65101
65121
65142
65164
65186
65208
65231
65255
65279
65303
65326
65350
65374
65398
65422
65446
65470
65493
65516
3
25
47
69
90
111
131
151
170
189
208
225
242
259
275
290
305
319
332
344
356
366
376
385
394
401
408
413
418
421
424
425
426
425
424
421
418
413
408
401
394
386
377
366
355
344
331
318
304
289
274
258
242
225
208
190
172
154
135
116
97
78
59
39
19
65535
65515
65495
65475
65455
65434
65414
65393
65373
65352
65331
65310
65289
65268
65247
65226
65205
65184
65164
65143
65123
65103
65083
65064
65045
65026
65008
64991
64975
64959
64944
64930
64917
64906
64895
64886
64877
64871
64865
64861
64858
64856
64856
64857
64859
64863
64868
64874
64882
64890
64900
64910
64922
64934
64947
64961
64975
64989
65004
65020
65036
65052
65069
65086
65103
65120
65138
65156
65174
65192
65211
65230
65249
65269
65290
65311
65333
65355
65378
65402
65427
65452
65478
65505
65532
24
53
82
111
141
171
201
231
261
291
320
349
377
404
430
455
479
501
522
541
558
574
588
599
609
616
622
625
626
626
623
618
612
603
593
581
567
552
536
518
499
480
459
437
415
393
369
346
322
298
275
251
227
204
181
159
137
116
96
76
57
39
22
5
65526
65511
65497
65484
65472
65461
65451
65441
65432
65424
65417
65410
65403
65397
65391
65385
65379
65374
65368
65363
65357
65351
65344
65338
65331
65324
65317
65309
65301
65293
65285
65276
65268
65260
65253
65245
65238
65232
65227
65222
65218
65215
65213
65213
65214
65217
65221
65226
65233
65242
65252
65264
65278
65293
65309
65327
65346
65365
65386
65408
65430
65452
65475
65499
65522
9
32
54
75
96
115
134
151
168
183
196
208
219
229
237
243
249
253
255
257
258
257
256
254
251
248
244
240
235
230
225
219
214
208
203
197
192
187
181
176
171
166
161
156
151
146
142
137
132
127
123
118
113
109
104
100
96
92
88
85
82
79
77
75
73
72
72
72
72
73
75
77
80
83
87
91
96
102
107
113
119
125
132
138
145
152
158
165
171
177
182
188
193
197
201
204
207
210
212
214
215
216
217
217
218
217
217
217
216
215
215
214
213
213
212
212
211
211
210
210
210
210
210
210
210
210
210
210
210
210
210
209
208
207
206
204
203
200
198
195
191
188
183
179
174
168
162
155
148
141
133
124
115
106
96
86
75
64
52
41
28
16
3
65526
65513
65500
65486
65472
65459
65445
65431
65418
65404
65391
65378
65366
65353
65341
65329
65318
65307
65296
65286
65277
65268
65259
65251
65244
65237
65231
65225
65219
65214
65210
65205
65202
65198
65195
65193
65190
65188
65187
65185
65184
65183
65182
65182
65182
65182
65183
65184
65186
65189
65192
65195
65199
65204
65210
65217
65224
65233
65242
65252
65264
65276
65290
65304
65319
65336
65353
65371
65390
65409
65429
65450
65470
65491
65512
65533
18
38
58
78
96
114
131
146
161
174
186
196
205
213
219
224
228
230
231
230
229
226
223
218
213
208
201
195
188
180
173
165
158
151
144
137
131
125
120
114
110
106
102
98
95
92
89
87
85
82
80
77
74
71
68
65
61
57
53
48
43
38
32
25
19
12
4
65533
65525
65517
65509
65501
65492
65484
65476
65467
65459
65451
65443
65435
65427
65419
65412
65405
65397
65390
65384
65377
65370
65364
65357
65351
65345
65338
65332
65326
65320
65313
65307
65301
65295
65288
65282
65276
65270
65264
65258
65252
65246
65241
65235
65231
65226
65222
65219
65216
65214
65213
65212
65212
65212
65214
65216
65218
65222
65226
65231
65237
65243
65250
65257
65265
65273
65282
65292
65301
65311
65320
65330
65340
65349
65358
65367
65376
65384
65392
65399
65406
65413
65419
65424
65429
65433
65436
65439
65442
65443
65445
65446
65446
65447
65447
65447
65446
65446
65446
65445
65445
65445
65445
65446
65446
65447
65449
65450
65453
65455
65459
65462
65467
65471
65476
65482
65488
65495
65502
65509
65517
65525
65534
7
16
25
35
45
55
64
74
84
94
103
113
122
131
139
147
155
162
169
175
180
185
189
193
196
198
199
200
201
201
200
199
198
196
194
192
190
187
185
183
181
179
177
176
176
176
176
177
179
182
185
189
193
198
204
211
217
225
232
241
249
257
266
275
284
292
300
309
316
324
331
337
343
349
353
358
361
364
367
369
370
371
372
372
372
371
370
369
368
367
365
363
362
360
358
356
354
352
350
348
346
344
341
338
334
330
326
321
316
310
303
296
287
279
269
258
247
235
222
208
194
179
163
146
129
112
94
76
57
38
20
1
65518
65499
65481
65462
65444
65427
65409
65393
65377
65361
65346
65332
65318
65305
65292
65281
65270
65259
65249
65240
65232
65224
65217
65211
65205
65201
65196
65193
65190
65188
65187
65186
65187
65187
65189
65191
65194
65198
65202
65208
65214
65221
65229
65237
65246
65256
65267
65278
65290
65303
65317
65331
65345
65360
65376
65392
65408
65425
65441
65458
65475
65493
65510
65527
7
24
40
56
71
86
100
113
126
137
149
159
168
177
184
191
197
202
206
210
213
215
216
217
218
217
217
216
215
214
212
211
209
208
207
206
205
204
204
204
205
205
207
208
210
212
215
218
221
224
226
229
232
234
236
238
239
239
239
238
237
234
230
225
220
212
204
195
184
172
159
145
130
114
97
79
61
42
22
3
65519
65498
65478
65458
65439
65419
65400
65382
65364
65347
65330
65315
65300
65286
65273
65262
65251
65240
65231
65223
65215
65208
65201
65196
65190
65186
65181
65177
65173
65169
65165
65161
65157
65153
65149
65144
65140
65135
65130
65124
65119
65113
65107
65101
65096
65090
65084
65078
65073
65068
65063
65059
65055
65052
65049
65047
65045
65045
65045
65046
65048
65051
65055
65059
65065
65071
65078
65086
65094
65103
65113
65124
65134
65146
65158
65170
65183
65197
65210
65224
65239
65253
65268
65283
65298
65313
65328
65344
65360
65376
65393
65409
65426
65442
65459
65476
65493
65510
65527
8
25
42
59
76
93
109
124
140
155
169
183
196
208
220
231
240
249
257
264
270
275
279
282
284
285
285
284
282
279
276
272
267
262
257
251
244
237
230
223
216
209
202
195
188
181
175
168
163
157
152
147
143
139
136
133
130
128
127
125
124
124
123
123
123
124
125
126
127
129
131
132
134
136
138
139
141
142
142
143
143
142
141
139
136
133
128
123
118
111
103
94
84
74
62
49
36
22
7
65527
65511
65495
65478
65461
65444
65427
65411
65394
65378
65363
65349
65335
65323
65312
65302
65293
65286
65280
65277
65274
65274
65275
65277
65282
65288
65295
65304
65314
65326
65338
65352
65368
65384
65401
65419
65438
65457
65477
65498
65519
4
26
48
71
94
117
140
163
187
210
234
258
282
306
329
353
377
401
425
448
471
494
517
539
560
581
602
621
639
657
673
688
702
714
725
734
742
748
753
755
756
756
753
749
744
737
729
719
708
696
683
669
655
639
624
607
591
574
558
541
525
509
493
478
463
449
435
422
409
397
385
374
364
354
344
335
326
317
309
301
292
284
276
267
259
250
240
231
221
210
199
188
175
162
149
134
119
103
86
69
50
31
10
65525
65502
65479
65455
65430
65404
65377
65349
65321
65292
65262
65232
65201
65170
65139
65108
65077
65045
65014
64984
64954
64924
64896
64868
64842
64816
64793
64770
64750
64731
64714
64699
64686
64675
64667
64661
64657
64655
64656
64659
64665
64672
64682
64694
64708
64724
64741
64761
64782
64804
64828
64854
64880
64907
64935
64964
64994
65024
65054
65085
65116
65147
65178
65209
65239
65270
65300
65330
65360
65389
65417
65445
65473
65500
65526
16
41
65
89
111
133
155
175
195
213
231
248
264
278
292
304
316
326
335
344
351
356
361
365
367
369
369
369
367
364
361
357
352
346
339
333
325
317
309
301
292
283
273
264
255
245
235
226
216
206
196
186
176
166
155
145
134
122
110
98
86
72
59
45
30
15
65535
65519
65502
65485
65467
65449
65430
65411
65392
65373
65354
65335
65315
65296
65277
65259
65241
65223
65206
65190
65174
65159
65144
65131
65118
65106
65094
65084
65074
65065
65057
65049
65042
65036
65030
65025
65020
65015
65012
65008
65005
65003
65000
64999
64998
64997
64997
64997
64998
64999
65001
65003
65007
65011
65015
65021
65028
65035
65044
65054
65065
65076
65089
65103
65118
65134
65151
65169
65187
65207
65227
65248
65269
65291
65314
65336
65359
65382
65405
65428
65450
65473
65495
65517
3
24
45
65
85
104
124
142
160
178
196
213
231
248
265
282
298
315
332
348
364
381
397
413
429
444
459
474
488
501
514
526
537
547
556
564
570
575
579
581
581
579
576
571
564
556
545
533
519
503
486
467
447
426
403
380
356
331
305
279
252
226
199
173
146
120
95
70
46
23
1
65516
65497
65478
65461
65445
65431
65418
65406
65396
65387
