9
9
9
9
9
9
9
9
9
10
10
10
10
10
10
10
10
10
10
11
11
11
11
11
11
11
11
11
11
11
11
11
11
11
11
10
10
10
10
10
10
10
10
10
10
10
10
10
10
10
10
10
10
10
10
10
10
10
10
10
10
10
10
10
10
10
10
10
10
10
10
10
10
10
10
9
9
9
9
9
9
9
9
8
8
8
8
7
7
7
7
7
7
6
6
6
6
6
6
5
5
5
5
5
5
5
5
5
5
5
5
5
5
5
5
5
5
5
5
5
5
5
5
5
5
5
5
5
5
5
5
5
5
5
5
5
5
5
5
6
6
6
6
6
6
6
6
6
6
6
6
6
6
7
7
7
7
7
7
7
7
8
8
8
8
8
8
8
8
8
8
9
9
9
9
9
9
9
9
9
9
10
10
10
10
10
10
10
10
10
10
11
11
11
11
11
11
11
11
11
11
11
11
10
10
10
10
10
10
10
10
10
10
10
10
9
9
9
9
9
9
9
9
9
9
9
9
9
9
9
9
9
9
9
9
9
9
9
9
9
9
9
9
9
9
9
9
9
9
9
9
10
10
10
10
9
9
9
9
9
9
9
9
9
9
8
8
8
8
8
8
7
7
7
7
6
6
6
6
5
5
5
5
5
5
4
4
4
4
4
4
4
4
4
4
4
4
4
4
4
4
4
4
4
4
4
4
4
4
4
4
5
5
5
5
5
5
5
5
5
5
5
5
5
5
5
5
4
4
4
4
4
4
4
4
4
4
3
3
3
3
3
3
3
3
3
3
3
3
3
3
3
3
3
3
3
3
3
3
3
3
3
3
3
3
3
3
3
3
3
3
3
3
3
3
2
2
2
2
2
2
2
2
2
2
1
1
1
1
1
1
1
1
0
0
0
0
0
0
0
0
0
0
0
0
0
0
0
0
0
0
0
0
0
0
0
0
0
0
0
0
1
1
1
1
1
1
1
1
1
1
1
1
1
1
1
1
1
1
1
1
0
0
0
0
0
0
0
0
0
0
0
0
0
0
0
0
0
0
0
0
0
0
0
0
0
0
0
0
0
0
0
0
0
0
0
0
0
0
1
1
1
1
1
1
1
1
0
0
0
0
0
0
0
0
0
0
0
0
0
0
0
0
0
0
1
1
1
1
1
2
2
2
3
3
4
4
5
5
6
6
7
7
7
8
8
8
9
9
9
9
9
9
9
9
10
10
10
10
10
10
10
10
9
9
9
9
9
9
9
9
9
9
9
9
10
10
10
11
11
11
12
12
12
13
13
13
14
14
14
14
15
15
15
15
15
15
14
14
13
12
11
11
10
8
7
6
5
3
2
0
65534
65533
65531
65529
65528
65526
65524
65522
65521
65519
65517
65516
65514
65512
65511
65509
65508
65507
65505
65504
65503
65502
65501
65500
65499
65498
65498
65497
65497
65496
65496
65496
65495
65495
65495
65495
65495
65495
65495
65495
65496
65496
65496
65497
65497
65497
65498
65498
65499
65499
65500
65500
65501
65502
65502
65503
65504
65504
65505
65505
65506
65507
65507
65508
65509
65510
65510
65511
65511
65512
65512
65512
65513
65513
65513
65513
65513
65513
65513
65512
65512
65512
65511
65511
65510
65510
65509
65509
65508
65508
65507
65507
65506
65505
65505
65504
65503
65503
65502
65502
65502
65502
65502
65502
65502
65502
65502
65502
65502
65502
65503
65504
65504
65505
65506
65507
65508
65509
65510
65511
65513
65514
65515
65517
65518
65520
65521
65523
65524
65526
65527
65529
65530
65532
65533
65535
0
2
3
5
7
8
10
11
13
15
16
18
20
21
23
25
27
29
31
33
35
37
39
41
42
44
46
48
50
52
54
56
58
60
61
63
65
67
68
69
71
72
73
74
75
76
76
77
77
78
78
78
78
78
78
77
77
76
75
74
72
71
70
68
66
64
62
60
58
56
53
50
47
44
41
38
35
31
28
24
20
16
12
8
5
1
65533
65529
65525
65521
65517
65513
65509
65505
65501
65498
65494
65491
65488
65484
65481
65479
65476
65473
65471
65469
65467
65465
65463
65462
65461
65460
65459
65459
65459
65459
65460
65460
65461
65463
65464
65466
65469
65471
65474
65477
65481
65484
65489
65493
65498
65503
65508
65514
65520
65526
65532
3
10
17
24
31
38
46
53
60
67
75
82
88
95
102
108
114
119
125
129
134
137
141
143
145
147
148
149
149
148
146
144
142
139
135
130
125
119
113
107
99
92
84
75
66
57
48
38
28
18
7
65533
65523
65512
65502
65492
65482
65472
65462
65452
65443
65434
65425
65416
65408
65401
65393
65386
65380
65374
65369
65364
65359
65355
65352
65349
65347
65345
65344
65343
65343
65343
65344
65345
65347
65349
65352
65356
65360
65364
65369
65374
65380
65386
65392
65399
65406
65414
65421
65429
65437
65445
65454
65462
65470
65479
65487
65495
65504
65512
65520
65528
65535
6
13
19
25
31
36
40
44
48
50
53
54
55
56
55
54
53
51
48
45
41
37
32
26
21
15
8
2
65531
65524
65516
65509
65502
65495
65488
65481
65474
65468
65461
65456
65450
65446
65441
65437
65434
65432
65430
65429
65428
65428
65429
65431
65434
65437
65441
65446
65451
65457
65464
65472
65480
65489
65498
65508
65519
65530
5
17
29
42
55
68
81
94
107
120
134
147
160
173
186
198
210
222
233
244
254
264
273
281
289
296
302
308
312
316
320
322
323
324
324
323
320
317
313
309
303
296
289
280
271
261
251
240
228
216
203
190
176
162
147
132
117
102
87
71
56
40
25
10
65531
65516
65501
65487
65472
65459
65445
65433
65420
65408
65397
65386
65376
65366
65357
65349
65341
65333
65326
65320
65315
65310
65306
65302
65299
65296
65294
65293
65292
65291
65291
65291
65292
65293
65295
65296
65299
65301
65304
65307
65310
65313
65316
65320
65324
65327
65331
65334
65338
65342
65345
65348
65352
65355
65358
65361
65363
65366
65368
65370
65371
65373
65374
65375
65375
65376
65376
65376
65376
65376
65376
65375
65375
65374
65374
65373
65372
65371
65371
65370
65370
65370
65370
65370
65371
65372
65373
65375
65376
65379
65381
65384
65388
65392
65396
65401
65407
65413
65419
65426
65433
65441
65449
65457
65466
65475
65484
65494
65503
65514
65524
65534
9
20
30
41
52
63
73
84
95
105
116
126
136
146
156
166
176
186
195
205
214
224
233
243
253
262
272
282
291
301
311
321
331
341
352
362
372
383
393
403
413
423
433
443
452
461
470
478
486
493
499
505
510
514
517
520
521
521
520
518
515
511
506
499
492
483
472
461
448
434
419
403
385
367
347
326
304
282
258
234
209
183
157
130
102
74
46
17
65524
65495
65466
65436
65407
65377
65347
65318
65289
65260
65231
65203
65175
65148
65121
65096
65070
65046
65022
64999
64977
64956
64936
64917
64899
64883
64867
64853
64840
64829
64819
64810
64802
64797
64792
64789
64788
64789
64790
64794
64799
64806
64814
64824
64835
64847
64861
64876
64893
64910
64929
64949
64970
64992
65015
65038
65062
65087
65112
65138
65163
65189
65216
65242
65268
65293
65319
65344
65368
65392
65415
65437
65459
65479
65499
65518
0
17
33
48
62
74
86
96
106
114
121
128
133
138
142
145
147
149
150
150
150
150
149
147
146
144
142
140
139
137
135
133
131
130
129
128
127
127
128
128
129
131
133
135
138
142
145
150
154
160
165
171
178
184
191
199
206
214
222
230
238
246
255
263
271
279
287
294
301
308
315
321
326
332
336
340
343
345
347
348
348
347
346
343
340
335
330
324
317
309
300
290
279
268
255
242
228
213
197
181
164
146
128
110
91
71
52
32
12
65528
65507
65487
65467
65447
65427
65407
65388
65369
65351
65333
65316
65299
65283
65268
65254
65240
65228
65216
65206
65196
65188
65180
65174
65169
65165
65162
65161
65160
65161
65163
65165
65169
65174
65180
65187
65195
65204
65214
65224
65236
65248
65261
65274
65287
65302
65316
65331
65346
65361
65376
65391
65407
65422
65437
65452
65467
65481
65496
65509
65523
0
13
25
37
48
59
69
79
89
97
106
114
121
128
134
140
145
150
154
158
162
165
168
170
172
174
176
177
178
179
180
181
182
183
183
184
185
186
188
189
191
193
196
199
202
206
211
215
221
227
233
240
248
256
264
273
283
292
302
312
323
333
343
354
364
373
382
391
399
407
413
419
423
427
429
430
429
427
424
419
412
404
394
382
369
353
337
318
298
276
253
229
203
176
148
119
89
58
27
65531
65498
65465
65432
65399
65366
65333
65300
65268
65236
65205
65174
65145
65116
65087
65060
65034
65009
64985
64962
64940
64919
64900
64882
64865
64850
64836
64823
64812
64802
64793
64785
64779
64774
64771
64769
64768
64768
64770
64773
64777
64783
64790
64798
64807
64817
64829
64842
64856
64871
64887
64904
64922
64941
64961
64981
65002
65024
65046
65069
65092
65115
65139
65162
65186
65210
65233
65256
65279
65302
65324
65345
65366
65386
65406
65424
65442
65459
65475
65490
65504
65518
65530
6
17
27
37
46
54
63
70
78
85
92
99
106
113
120
128
136
144
152
161
171
181
191
203
214
227
240
253
267
282
296
312
327
343
358
374
390
406
421
436
451
465
479
493
505
517
529
539
548
557
564
570
575
579
582
583
584
583
580
577
572
565
558
549
539
527
515
501
486
470
453
435
416
395
374
352
329
305
281
256
230
204
177
150
123
95
67
39
11
65519
65492
65464
65437
65411
65385
65360
65335
65312
65289
65267
65247
65228
65210
65193
65178
65164
65151
65141
65131
65124
65118
65114
65112
65111
65111
65114
65117
65122
65129
65137
65146
65157
65169
65181
65195
65210
65225
65241
65258
65275
65292
65310
65328
65345
65363
65381
65398
65416
65432
65449
65465
65480
65495
65509
65522
65535
11
22
32
42
50
58
65
71
77
81
85
88
91
93
94
94
93
92
91
88
85
82
78
73
68
63
57
51
45
38
32
25
18
11
4
65534
65527
65521
65514
65509
65503
65499
65495
65491
65489
65487
65486
65486
65487
65489
65492
65496
65501
65508
65515
65524
65533
8
19
32
45
59
74
90
106
123
140
157
175
192
210
227
244
261
276
292
306
319
332
343
353
362
369
375
380
383
384
384
383
380
376
370
363
354
345
334
322
309
295
281
266
250
234
218
201
184
168
151
135
120
104
89
75
62
49
37
25
15
6
65533
65525
65518
65512
65507
65502
65498
65495
65493
65491
65489
65488
65488
65488
65488
65488
65489
65489
65490
65490
65490
65489
65489
65488
65486
65484
65482
65479
65475
65470
65465
65459
65452
65445
65437
65428
65418
65407
65396
65384
65371
65357
65343
65328
65312
65296
65279
65261
65243
65225
65206
65187
65168
65148
65128
65108
65088
65069
65049
65029
65010
64990
64971
64953
64935
64918
64902
64887
64872
64858
64846
64834
64824
64815
64807
64801
64796
64793
64791
64791
64793
64796
64801
64808
64816
64826
64839
64853
64869
64887
64906
64928
64951
64975
65002
65030
65059
65090
65123
65156
65191
65227
65264
65302
65340
65379
65419
65458
65498
3
43
82
122
161
199
236
273
308
342
375
406
436
464
490
514
537
557
576
592
606
618
627
635
640
643
644
643
639
634
627
618
608
596
582
567
551
534
515
496
476
456
435
414
393
372
351
330
309
289
270
251
233
216
199
184
170
156
144
133
123
114
106
100
94
90
86
83
82
81
81
82
83
85
87
90
94
97
101
105
110
114
119
123
127
131
135
138
141
144
146
147
148
149
148
147
146
144
141
137
133
128
122
116
108
100
92
82
72
61
50
38
26
13
65535
65521
65507
65492
65477
65462
65447
65432
65417
65402
65387
65372
65357
65343
65330
65317
65304
65292
65281
65270
65261
65253
65245
65239
65234
65230
65227
65226
65226
65227
65229
65233
65238
65244
65252
65261
65271
65282
65295
65308
65323
65339
65355
65373
65391
65410
65429
65449
65470
65490
65511
65532
17
38
59
79
99
119
138
157
175
191
207
222
236
249
261
272
281
289
296
302
306
309
311
312
311
309
305
301
295
289
281
272
263
252
241
229
216
203
190
176
161
147
132
117
102
87
72
58
43
29
16
2
65526
65513
65501
65490
65479
65470
65460
65452
65444
65438
65432
65426
65422
65418
65416
65414
65413
65413
65413
65415
65417
65421
65425
65429
65435
65441
65448
65456
65464
65473
65482
65492
65502
65512
65522
65533
8
18
28
39
48
58
67
75
83
90
97
102
106
110
112
113
113
111
109
105
100
93
85
76
66
54
42
28
12
65532
65515
65497
65478
65458
65438
65417
65395
65373
65350
65328
65305
65282
65259
65236
65213
65191
65168
65147
65126
65105
65085
65066
65047
65030
65013
64997
64982
64969
64956
64944
64934
64924
64916
64909
64903
64898
64895
64893
64892
64893
64895
64899
64903
64909
64917
64926
64936
64948
64961
64976
64992
65009
65028
65048
65069
65092
65116
65141
65167
65195
65223
65252
65282
65313
65345
65378
65410
65444
65477
65511
9
42
76
110
143
176
208
239
270
299
328
355
382
407
431
453
474
493
510
526
540
552
563
572
579
585
589
591
591
589
586
581
574
566
557
546
534
521
506
491
474
457
438
419
399
379
358
336
314
292
270
247
225
202
180
158
136
115
94
74
54
34
16
65534
65517
65500
65485
65470
65456
65444
65432
65421
65412
65403
65396
65390
65384
65380
65377
65376
65375
65375
65376
65379
65382
65387
65392
65398
65405
65412
65420
65429
65439
65448
65458
65469
65479
65490
65501
65512
65522
65533
7
16
26
35
43
51
58
64
69
74
78
80
82
84
84
83
82
79
76
72
68
62
56
49
41
33
25
16
6
65533
65523
65513
65502
65492
65481
65471
65461
65450
65441
65431
65422
65413
65404
65396
65388
65381
65374
65368
65362
65357
65352
65348
65344
65341
65338
65336
65335
65335
65335
65335
65336
65338
65341
65344
65348
65353
65358
65364
65371
65378
65385
65394
65403
65412
65422
65433
65444
65456
65468
65480
65493
65506
65519
65532
10
24
37
51
64
77
90
102
114
125
136
146
156
165
173
180
187
192
197
201
204
206
208
208
208
207
205
203
200
196
192
188
183
178
173
168
163
158
152
147
142
138
133
129
125
121
118
115
112
110
108
106
105
103
102
101
100
99
98
97
96
95
94
93
91
89
87
84
81
78
75
72
68
64
60
56
51
47
43
39
35
31
28
24
21
19
17
15
14
14
14
14
15
17
20
22
26
30
34
38
43
48
54
59
64
69
74
78
82
85
88
90
91
92
91
90
87
84
79
74
67
58
49
38
27
14
0
65522
65506
65490
65472
65454
65435
65416
65396
65375
65355
65334
65312
65291
65270
65249
65228
65207
65186
65166
65146
65127
65108
65089
65071
65054
65037
65021
65005
64991
64977
64964
64952
64940
64929
64919
64910
64902
64895
64888
64883
64878
64875
64873
64871
64871
64872
64874
64877
64882
64888
64895
64903
64913
64924
64937
64951
64967
64984
65002
65022
65043
65066
65090
65116
65142
65170
65200
65230
65261
65293
65326
65360
65394
65429
65464
65500
0
35
71
106
141
176
209
242
275
306
336
365
392
418
443
466
487
507
525
541
556
569
580
589
597
603
607
610
611
610
609
605
601
595
588
580
571
561
551
539
527
514
500
486
472
457
442
427
411
395
379
364
348
332
316
300
284
269
254
239
224
210
196
182
169
156
143
131
120
109
99
89
80
72
65
58
53
47
43
39
36
34
32
32
32
32
33
35
38
40
44
47
51
55
59
63
67
71
76
79
83
86
89
92
94
95
96
96
96
95
94
91
88
85
81
76
70
63
56
49
41
32
23
13
2
65527
65516
65504
65492
65479
65466
65453
65440
65426
65412
65398
65384
65370
65356
65342
65328
65314
65300
65286
65273
65260
65247
65234
65222
65211
65200
65189
65179
65170
65162
65154
65147
65141
65136
65131
65128
65125
65124
65123
65123
65124
65126
65129
65132
65137
65142
65148
65155
65163
65171
65180
65190
65200
65210
65221
65233
65244
65256
65268
65281
65293
65306
65319
65332
65344
65357
65370
65382
65395
65407
65420
65432
65445
65457
65470
65483
65495
65508
65521
65534
10
23
36
50
63
76
90
103
117
130
144
158
171
184
198
211
223
236
248
259
270
280
290
299
306
313
320
325
329
332
334
334
334
332
329
325
319
312
304
295
284
272
260
246
231
215
198
180
162
142
122
102
81
60
38
16
65530
65508
65485
65463
65441
65419
65398
65377
65356
65337
65317
65299
65281
65264
65248
65233
65219
65205
65193
65182
65172
65163
65155
65149
65143
65139
65136
65133
65132
65133
65134
65137
65140
65145
65150
65157
65164
65173
65182
65192
65203
65215
65228
65240
65254
65268
65282
65296
65311
65326
65341
65356
65372
65387
65402
65417
65432
65447
65462
65476
65489
65503
65515
65528
3
15
25
36
45
55
63
72
79
87
93
100
105
111
116
121
126
130
134
138
142
146
150
154
157
161
165
169
173
178
183
188
193
198
204
210
217
223
230
238
246
254
263
272
281
291
301
312
322
334
346
358
370
383
396
409
423
436
450
464
478
493
507
521
536
550
564
578
591
605
617
629
641
652
662
672
680
688
694
700
704
707
709
709
708
705
700
695
687
678
668
656
642
627
611
592
573
552
530
507
482
457
430
403
375
346
317
288
258
228
197
167
137
107
78
49
20
65528
65501
65474
65449
65423
65399
65376
65354
65332
65312
65292
65274
65257
65241
65225
65211
65198
65186
65174
65164
65154
65146
65138
65131
65125
65119
65114
65110
65107
65104
65101
65099
65098
65097
65096
65096
65096
65097
65097
65098
65100
65101
65103
65105
65108
65110
65112
65115
65117
65119
65122
65124
65126
65128
65130
65132
65133
65134
65135
65136
65136
65137
65136
65136
65135
65134
65132
65130
65128
65125
65122
65118
65115
65111
65106
65102
65098
65093
65088
65084
65079
65074
65069
65065
65061
65056
65053
65049
65046
65044
65041
65040
65039
65038
65038
65039
65041
65043
65046
65049
65054
65059
65065
65072
65080
65088
65098
65108
65119
65131
65143
65156
65169
65184
65199
65214
65230
65247
65264
65281
65299
65318
65336
65355
65374
65394
65413
65432
65452
65471
65490
65509
65528
11
29
47
65
82
98
114
130
145
159
173
186
198
209
220
230
239
247
254
261
267
271
276
279
281
283
284
285
285
284
283
281
279
277
274
272
269
265
262
259
256
252
249
246
243
240
237
234
232
230
228
226
225
223
222
221
221
220
219
219
218
217
217
216
215
214
213
211
210
208
205
203
200
197
193
190
185
181
176
172
167
162
157
152
147
142
137
132
127
122
118
114
111
108
105
103
101
100
99
99
99
100
101
102
104
106
109
112
115
119
123
127
131
135
139
143
147
150
154
157
160
163
165
168
169
171
172
173
174
174
173
173
172
170
169
167
165
163
161
158
156
153
150
147
144
141
137
134
131
128
124
121
118
114
111
107
104
100
97
93
89
85
81
76
72
67
62
58
53
47
42
37
32
26
21
15
9
4
65534
65529
65523
65518
65513
65507
65502
65498
65493
65489
65484
65481
65477
65474
65471
65469
65467
65465
65464
65463
65463
65463
65463
65463
65464
65466
65467
65469
65471
65473
65476
65478
65481
65484
65488
65491
65494
65498
65501
65505
65508
65511
65515
65518
65521
65523
65526
65528
65530
65532
65533
65534
65535
65535
65535
65534
65533
65532
65530
65528
65525
65522
65518
65514
65509
65504
65498
65492
65486
65479
65472
65464
65456
65448
65439
65431
65422
65413
65404
65395
65385
65376
65367
65359
65350
65342
65333
65326
65318
65312
65305
65300
65295
65290
65286
65283
65281
65279
65277
65277
65277
65278
65279
65281
65283
65286
65290
65294
65298
65303
65308
65313
65318
65323
65328
65333
65338
65343
65347
65352
65356
65360
65363
65366
65369
65371
65374
65375
65377
65378
65379
65380
65381
65382
65383
65383
65384
65385
65386
65387
65389
65391
65393
65396
65399
65403
65407
65412
65417
65423
65429
65436
65442
65450
65457
65465
65473
65481
65489
65497
65504
65512
65518
65525
65531
0
4
8
11
13
14
14
13
11
8
4
65535
65529
65522
65515
65507
65498
65488
65478
65468
65457
65447
65436
65425
65415
65405
65395
65386
65378
65370
65364
65358
65353
65349
65347
65345
65345
65346
65347
65350
65354
65359
65365
65372
65380
65388
65397
65406
65416
65427
65438
65449
65460
65471
65482
65493
65503
65514
65524
65533
7
15
24
31
39
45
52
57
63
68
72
77
81
85
89
92
96
99
102
106
109
113
117
121
125
129
134
139
144
149
154
160
166
172
178
184
190
197
203
209
215
221
227
233
238
243
248
253
257
262
265
269
272
275
277
280
282
283
285
286
287
287
288
289
289
289
289
289
289
289
289
289
289
289
289
289
289
288
288
288
287
287
287
286
285
285
284
283
281
280
278
276
274
271
269
266
262
259
255
251
247
242
238
233
228
222
217
211
205
199
193
188
182
176
170
164
159
153
148
143
138
133
128
123
119
115
111
107
103
100
96
92
88
84
80
76
72
68
63
58
53
47
41
35
28
20
13
4
65531
65522
65512
65502
65491
65479
65468
65456
65443
65430
65417
65404
65391
65377
65364
65350
65337
65323
65310
65297
65285
65272
65260
65249
65238
65227
65217
65207
65199
65190
65182
65175
65169
65163
65157
65152
65148
65145
65141
65139
65137
65135
65134
65134
65134
65134
65134
65135
65137
65139
65141
65143
65146
65149
65153
65157
65161
65166
65172
65177
65184
65190
65197
65205
65213
65222
65231
65241
65251
65261
65273
65284
65297
65309
65322
65336
65349
65363
65377
65391
65405
65419
65433
65447
65460
65473
65486
65498
65509
65520
65530
4
12
19
26
31
36
39
42
43
43
41
39
36
32
27
21
14
6
65534
65524
65514
65504
65493
65482
65470
65459
