210
197
183
167
151
134
116
97
78
58
38
17
65532
65511
65490
65470
65449
65429
65410
65391
65373
65356
65339
65324
65310
65297
65285
65274
65265
65257
65251
65246
65242
65240
65239
65239
65241
65244
65249
65254
65261
65268
65277
65286
65297
65308
65319
65331
65344
65356
65369
65382
65394
65406
65419
65430
65442
65452
65463
65472
65481
65489
65496
65503
65508
65513
65517
65519
65521
65523
65523
65523
65521
65519
65517
65513
65509
65504
65499
65494
65488
65481
65475
65469
65462
65456
65450
65444
65438
65433
65428
65423
65419
65416
65414
65412
65412
65412
65413
65415
65418
65422
65428
65434
65441
65449
65458
65468
65479
65491
65504
65517
65532
11
26
42
59
75
92
109
126
143
160
177
193
209
224
238
252
264
276
287
297
305
313
319
324
328
330
331
331
329
326
322
316
309
301
292
282
271
258
245
231
216
200
184
168
150
133
115
98
80
62
45
27
10
65530
65514
65499
65485
65472
65460
65449
65439
65430
65423
65416
65411
65407
65405
65403
65403
65404
65405
65408
65412
65416
65421
65426
65432
65439
65446
65453
65459
65466
65473
65479
65485
65491
65496
65500
65503
65506
65508
65510
65510
65510
65509
65507
65505
65502
65499
65495
65491
65486
65481
65476
65471
65466
65461
65456
65451
65446
65441
65437
65433
65429
65425
65422
65419
65417
65414
65412
65410
65408
65406
65405
65403
65401
65400
65398
65396
65394
65392
65390
65388
65387
65385
65383
65381
65379
65377
65375
65374
65373
65372
65372
65372
65373
65374
65376
65378
65381
65385
65389
65394
65400
65406
65413
65420
65428
65437
65445
65455
65464
65474
65484
65494
65504
65514
65524
65534
8
17
26
35
43
50
57
64
70
75
79
83
87
89
91
92
93
93
92
90
88
86
83
79
74
70
64
58
51
44
37
29
20
12
3
65530
65520
65511
65501
65491
65481
65472
65462
65452
65443
65434
65426
65418
65410
65403
65397
65391
65386
65381
65378
65375
65373
65373
65373
65373
65375
65378
65381
65386
65391
65397
65404
65411
65419
65428
65437
65447
65457
65467
65478
65489
65501
65512
65523
65534
9
20
31
41
51
60
69
78
86
93
100
106
111
116
120
123
125
127
127
127
126
125
122
119
115
111
106
100
93
86
78
70
61
52
42
33
22
12
2
65527
65516
65505
65495
65484
65474
65464
65454
65444
65435
65427
65418
65411
65404
65397
65391
65385
65380
65376
65373
65370
65368
65366
65365
65365
65366
65367
65369
65371
65374
65377
65381
65385
65390
65396
65401
65407
65413
65420
65427
65434
65441
65448
65456
65464
65472
65480
65489
65497
65506
65515
65524
65533
6
15
24
34
44
54
64
74
84
94
104
114
125
135
145
155
164
174
182
191
199
206
212
218
223
227
230
232
234
234
232
230
227
222
216
209
200
191
180
168
155
141
127
111
95
79
61
44
26
8
65526
65508
65490
65473
65456
65440
65424
65409
65395
65382
65370
65359
65349
65340
65333
65326
65321
65317
65314
65313
65312
65313
65315
65318
65322
65327
65334
65341
65348
65357
65366
65376
65387
65398
65409
65421
65433
65445
65456
65468
65480
65492
65503
65514
65525
65535
8
17
25
32
39
44
49
53
56
57
58
58
56
54
51
46
41
34
27
19
10
1
65527
65516
65505
65493
65481
65469
65457
65445
65433
65422
65411
65400
65390
65380
65372
65364
65357
65351
65346
65342
65339
65338
65338
65339
65341
65345
65351
65357
65365
65375
65385
65397
65411
65425
65441
65458
65476
65494
65514
65534
19
40
61
83
105
127
149
170
191
212
232
250
268
284
300
313
326
336
345
352
357
360
361
360
357
352
345
336
325
312
297
280
262
242
220
198
174
149
123
96
69
42
14
65522
65494
65466
65439
65412
65386
65361
65336
65313
65291
65270
65250
65232
65216
65201
65188
65176
65166
65158
65152
65148
65145
65144
65145
65147
65152
65158
65165
65175
65185
65197
65210
65225
65241
65257
65275
65293
65312
65331
65351
65371
65391
65411
65431
65451
65471
65490
65509
65526
8
24
39
54
67
79
90
101
109
117
123
129
132
135
136
137
136
134
131
127
122
116
110
102
94
85
76
67
56
46
35
24
13
1
65525
65513
65502
65490
65478
65467
65456
65445
65434
65424
65415
65405
65397
65389
65381
65374
65367
65361
65356
65352
65348
65345
65343
65342
65341
65341
65342
65344
65347
65350
65354
65358
65363
65369
65375
65382
65389
65396
65404
65412
65420
65428
65436
65444
65452
65460
65467
65475
65482
65488
65495
65500
65506
65511
65515
65519
65523
65526
65529
65531
65533
65534
65535
0
0
0
0
65535
65535
65534
65534
65533
65532
65532
65531
65531
65531
65531
65531
65532
65533
65534
0
2
4
6
9
12
16
19
23
27
31
35
39
43
47
51
55
59
63
67
71
74
77
80
83
86
88
90
92
94
96
97
98
99
100
100
100
100
100
99
98
97
96
95
93
91
89
86
83
80
77
73
69
64
59
54
49
43
38
31
25
19
12
5
65535
65528
65521
65514
65508
65502
65496
65490
65485
65480
65476
65473
65470
65467
65466
65465
65464
65464
65465
65467
65470
65473
65477
65481
65486
65492
65498
65504
65511
65518
65526
65533
5
13
20
28
35
42
49
55
61
66
71
76
80
83
86
87
89
89
89
88
86
84
80
76
72
66
60
54
47
39
31
22
13
4
65530
65520
65510
65499
65489
65479
65469
65459
65449
65440
65431
65423
65415
65409
65403
65398
65394
65391
65390
65389
65390
65392
65396
65401
65407
65415
65424
65435
65446
65459
65473
65487
65503
65519
0
18
35
53
71
89
107
124
141
157
171
185
197
208
218
226
232
237
240
241
240
238
233
227
219
209
198
185
170
155
137
119
99
79
57
35
12
65524
65501
65476
65452
65428
65404
65379
65355
65332
65309
65286
65264
65243
65223
65203
65185
65167
65150
65135
65120
65107
65095
65084
65074
65066
65060
65054
65050
65048
65047
65047
65049
65052
65057
65063
65071
65079
65090
65101
65114
65128
65143
65159
65177
65195
65214
65234
65255
65277
65299
65322
65345
65369
65392
65416
65441
65465
65489
65513
0
24
46
69
91
112
132
151
169
187
203
218
232
245
257
266
275
282
288
292
295
296
296
294
291
286
280
272
263
253
242
229
215
201
185
169
152
134
117
98
80
62
44
25
7
65526
65509
65493
65477
65462
65449
65436
65424
65413
65404
65395
65388
65382
65377
65374
65371
65370
65370
65371
65373
65376
65381
65386
65391
65398
65405
65412
65420
65429
65437
65445
65454
65462
65470
65478
65485
65492
65499
65505
65510
65515
65519
65523
65526
65528
65529
65530
65530
65530
65529
65527
65525
65522
65519
65516
65512
65508
65504
65501
65497
65493
65489
65486
65483
65480
65478
65477
65476
65476
65476
65477
65479
65481
65485
65489
65494
65500
65506
65514
65522
65531
4
14
24
35
46
57
69
81
92
104
115
126
137
147
157
166
174
182
189
195
200
204
207
209
210
209
208
205
200
195
188
180
171
161
150
137
124
110
94
79
62
45
28
10
65528
65509
65491
65472
65454
65436
65419
65401
65385
65369
65353
65339
65325
65313
65301
65291
65282
65274
65267
65262
65258
65256
65255
65255
65257
65261
65266
65272
65280
65288
65299
65310
65323
65336
65351
65367
65383
65400
65418
65436
65455
65474
65493
65512
65531
14
32
50
67
83
98
113
126
138
148
157
164
169
173
175
176
174
170
165
157
148
137
123
109
92
74
55
34
12
65525
65501
65476
65451
65425
65399
65372
65346
65320
65294
65269
65245
65221
65199
65177
65157
65138
65121
65105
65091
65079
65068
65060
65053
65049
65046
65046
65048
65051
65057
65065
65075
65086
65100
65115
65132
65151
65172
65194
65218
65243
65269
65297
65326
65355
65386
65417
65449
65481
65513
10
42
74
106
137
167
196
225
252
277
302
324
345
364
380
395
407
417
425
430
433
433
432
427
421
412
401
388
373
356
337
317
295
272
248
223
198
171
145
118
92
65
39
13
65524
65500
65477
65454
65433
65413
65394
65377
65362
65348
65335
65325
65316
65308
65303
65299
65297
65297
65299
65303
65308
65315
65324
65334
65346
65360
65375
65391
65409
65428
65449
65470
65493
65516
5
29
55
81
107
133
160
186
212
238
263
288
312
335
356
377
396
413
429
444
457
467
476
483
487
489
489
487
482
476
466
455
441
425
407
387
364
340
313
285
255
223
190
155
120
82
44
5
65502
65461
65421
65380
65338
65297
65256
65215
65175
65135
65096
65058
65022
64986
64952
64919
64888
64859
64831
64805
64782
64761
64741
64725
64710
64698
64688
64681
64676
64674
64674
64677
64682
64689
64699
64711
64725
64742
64760
64781
64803
64827
64853
64880
64909
64939
64971
65003
65036
65070
65105
65141
65177
65214
65251
65288
65326
65363
65401
65438
65475
65512
12
48
84
118
153
187
220
252
284
314
344
373
401
428
454
478
502
524
546
566
585
602
618
633
647
659
669
678
686
692
696
699
700
700
698
694
689
682
674
664
653
640
626
610
593
575
555
535
514
491
468
444
419
394
368
342
316
289
263
236
210
183
157
132
107
82
58
35
13
65528
65508
65488
65470
65453
65437
65422
65409
65396
65385
65375
65366
65359
65352
65347
65343
65341
65339
65338
65338
65340
65341
65344
65348
65352
65357
65362
65367
65373
65379
65385
65392
65398
65404
65410
65415
65420
65425
65429
65433
65436
65439
65440
65442
65442
65442
65441
65439
65436
65433
65429
65424
65419
65413
65406
65399
65392
65383
65375
65366
65357
65348
65338
65328
65319
65309
65300
65290
65280
65271
65262
65253
65245
65236
65228
65221
65214
65207
65201
65196
65190
65186
65182
65179
65176
65174
65173
65172
65172
65172
65173
65175
65177
65180
65184
65189
65194
65200
65206
65213
65220
65228
65236
65245
65255
65264
65274
65284
65294
65304
65314
65325
65335
65345
65355
65365
65374
65384
65393
65402
65410
65419
65427
65434
65441
65448
65455
65461
65467
65473
65478
65484
65489
65494
65499
65503
65508
65513
65517
65522
65526
65531
65535
4
8
13
17
21
25
29
33
37
40
44
47
49
52
53
55
55
55
55
54
52
50
47
43
39
34
28
22
14
6
65534
65524
65514
65504
65493
65481
65469
65456
65443
65429
65416
65401
65387
65373
65358
65344
65330
65315
65302
65288
65275
65263
65251
65240
65229
65220
65212
65204
65198
65193
65189
65186
65185
65185
65187
65190
65195
65201
65209
65218
65228
65240
65253
65267
65283
65299
65316
65335
65354
65374
65394
65415
65437
65458
65480
65502
65523
9
31
52
73
94
114
133
152
171
189
206
223
239
254
269
283
296
309
321
333
344
355
365
375
384
393
401
409
416
422
429
434
439
444
448
451
453
455
457
458
458
457
456
454
451
448
444
440
435
429
424
418
411
404
397
390
383
376
369
362
355
348
341
335
329
324
318
313
309
304
300
297
293
290
287
284
282
279
277
274
271
268
265
262
258
255
250
246
240
235
228
221
214
205
196
187
177
166
154
142
129
116
102
87
72
56
40
23
6
65524
65506
65488
65469
65450
65431
65412
65393
65373
65354
65334
65315
65295
65276
65257
65238
65219
65200
65182
65164
65146
65129
65113
65097
65082
65067
65053
65039
65027
65015
65004
64994
64985
64977
64970
64965
64960
64957
64954
64954
64954
64956
64959
64963
64969
64976
64984
64993
65004
65017
65030
65045
65062
65079
65098
65118
65138
65160
65183
65207
65231
65256
65282
65308
65334
65361
65388
65416
65443
65471
65499
65526
17
44
71
97
122
147
171
194
216
238
258
278
296
314
330
346
360
373
384
395
404
412
419
425
429
433
434
435
435
433
430
426
422
416
409
401
392
382
372
360
348
335
321
307
293
278
262
246
230
214
197
180
162
145
128
110
92
75
57
39
21
3
65522
65504
65486
65468
65450
65433
65415
65397
65380
65363
65345
65328
65311
65295
65278
65262
65247
65231
65217
65202
65188
65175
65162
65151
65139
65129
65119
65111
65103
65096
65090
65085
65081
65078
65077
65076
65076
65077
65079
65082
65086
65091
65097
65104
65111
65119
65128
65138
65149
65160
65171
65183
65196
65209
65222
65236
65250
65265
65279
65294
65308
65323
65338
65353
65367
65381
65396
65409
65423
65436
65449
65461
65473
65484
65495
65505
65515
65524
65532
4
10
17
22
27
31
34
36
38
39
40
39
39
37
35
33
31
28
24
21
17
13
9
4
0
65532
65528
65524
65520
65516
65513
65510
65507
65504
65502
65500
65499
65498
65497
65497
65497
65498
65499
65501
65503
65505
65508
65511
65514
65518
65521
65525
65529
65534
2
6
11
15
19
23
27
30
34
37
39
41
43
44
45
45
44
43
41
38
34
30
25
20
14
8
1
65529
65521
65513
65505
65496
65487
65477
65468
65459
65450
65441
65432
65424
65416
65408
65401
65394
65388
65383
65378
65374
65370
65367
65365
65363
65362
65362
65362
65363
65365
65367
65370
65374
65378
65383
65388
65394
65401
65408
65415
65423
65431
65440
65450
65459
65469
65480
65491
65502
65514
65525
2
14
27
39
52
65
78
91
103
116
128
141
152
164
174
185
194
203
211
219
225
231
235
239
242
244
245
244
243
242
239
236
232
228
223
218
212
206
201
195
189
184
178
174
169
165
162
160
158
158
158
159
160
163
166
170
175
181
187
194
202
210
219
228
238
248
258
267
277
287
297
306
315
324
332
339
346
353
358
363
367
370
373
374
374
373
371
369
365
360
354
346
338
329
319
307
295
282
267
252
236
218
200
182
162
142
121
100
78
56
33
10
65523
65500
65477
65454
65431
65408
65386
65364
65342
65321
65300
65280
65260
65242
65224
65206
65190
65174
65159
65146
65133
65121
65109
65099
65090
65081
65074
65067
65062
65057
65053
65050
65047
65046
65045
65045
65045
65047
65049
65051
65055
65059
65064
65069
65075
65082
65089
65097
65106
65115
65124
65134
65145
65156
65167
65179
65191
65203
65216
65229
65242
65256
65270
65284
65298
65312
65326
65340
65353
65367
65380
65393
65406
65418
65430
65442
65453
65464
65474
65484
65494
65503
65511
65520
65528
0
8
16
23
31
38
46
53
61
69
77
86
94
103
112
121
130
140
150
160
169
179
189
199
208
217
226
234
242
249
255
261
265
269
272
273
274
273
272
269
265
260
253
246
237
228
217
205
193
179
165
150
134
118
102
84
67
49
31
13
65532
65514
65496
65478
65461
65444
65427
65411
65395
65379
65364
65349
65335
65322
65309
65297
65286
65275
65265
65256
65247
65240
65233
65227
65222
65218
65215
65213
65212
65211
65212
65213
65216
65219
65224
65229
65235
65242
65250
65258
65267
65277
65288
65298
65310
65322
65334
65347
65360
65374
65388
65401
65415
65428
65442
65456
65469
65482
65494
65507
65518
65529
4
14
23
32
40
47
54
59
64
68
72
74
76
77
78
78
78
77
75
74
72
70
67
65
62
60
58
56
54
53
52
51
51
52
53
54
56
58
61
64
67
71
75
80
84
88
93
97
101
105
109
113
116
119
121
123
124
125
125
124
123
121
118
115
111
107
102
96
90
84
77
69
62
54
46
38
30
21
13
4
65531
65522
65514
65505
65496
65488
65479
65471
65462
65454
65445
65437
65428
65420
65411
65403
65395
65386
65378
65370
65362
65354
65346
65338
65331
65323
65316
65310
65303
65297
65292
65286
65281
65277
65273
65269
65266
65263
65261
65260
65259
65259
65260
65261
65263
65265
65268
65272
65277
65282
65288
65295
65303
65311
65320
65329
65340
65351
65362
65374
65387
65400
65414
65428
65442
65458
65473
65489
65505
65522
2
19
35
52
68
84
99
114
129
143
157
170
182
194
204
214
223
231
238
244
250
254
258
261
263
264
265
265
264
263
262
260
258
256
254
252
250
248
246
245
243
242
241
240
240
239
239
239
240
240
240
241
241
241
241
240
240
239
237
235
233
229
226
221
216
211
205
198
191
183
175
167
158
149
139
130
121
111
102
93
84
75
66
58
50
43
36
29
23
18
13
8
4
1
65534
65531
65529
65527
65526
65526
65525
65525
65526
65526
65527
65528
65530
65531
65533
65535
1
4
7
9
12
15
18
21
25
28
31
35
38
42
45
49
52
56
59
62
65
68
70
73
74
76
77
78
79
79
79
79
78
76
75
73
70
68
65
62
58
55
51
47
43
39
35
31
26
22
18
14
10
6
2
65534
65530
65526
65522
65519
65515
65512
65508
65505
65502
65498
65495
65491
65488
65485
65481
65478
65475
65472
65469
65466
65463
65461
65458
65455
65453
65451
65449
65448
65447
65446
65446
65446
65446
65447
65448
65449
65451
65454
65456
65460
65463
65467
65471
65476
65481
65486
65491
65496
65502
65507
65513
65518
65524
65530
65535
4
9
14
19
23
27
31
34
37
40
42
43
45
45
46
45
45
43
41
39
36
32
28
23
18
11
4
65533
65525
65516
65507
65497
65486
65475
65464
65451
65439
65426
65413
65400
65386
65373
65360
65347
65334
65322
65310
65299
65289
65279
65271
65263
65256
65251
65247
65244
65242
65242
65243
65246
65250
65256
65263
65271
65280
65291
65302
65315
65329
65343
65359
65375
65391
65408
65425
65443
65460
65478
65495
65512
65529
9
25
40
55
69
82
95
106
117
127
137
145
152
159
165
170
174
177
179
181
181
181
180
178
176
173
169
165
160
154
147
140
133
124
115
106
96
86
75
64
53
41
29
18
6
65530
65518
65507
65495
65484
65473
65463
65453
65443
65434
65426
65418
65411
65404
65398
65393
65389
65386
65383
65381
65380
65379
65379
65380
65382
65384
65387
65390
65393
65398
65402
65407
65412
65418
65423
65429
65435
65441
65447
65454
65460
65466
65472
65478
65483
65488
65493
65498
65502
65505
65509
65512
65514
65516
65517
65518
65518
65518
65517
65516
65515
65512
65510
65506
65503
65498
65494
65489
65484
65478
65473
65467
65461
65454
65448
65442
65436
65430
65424
65418
65413
65408
65403
65399
65395
65392
65389
65387
65386
65385
65384
65385
65386
65387
65389
65392
65396
65400
65404
65409
65415
65421
65427
65434
65441
65448
65455
65463
65471
65479
65488
65496
65504
65513
65521
65529
2
10
19
27
35
44
52
61
70
79
87
96
106
115
124
133
143
152
162
172
182
192
202
213
223
233
243
254
264
274
284
294
303
312
321
330
338
345
352
359
365
370
375
380
383
386
389
390
391
392
392
391
390
388
386
384
380
377
373
368
364
359
354
348
343
337
331
326
320
314
309
303
298
293
288
283
278
273
269
265
261
257
253
249
245
241
237
233
229
225
221
216
211
206
200
194
187
180
173
165
156
147
138
128
117
106
95
83
71
58
45
32
18
4
65526
65512
65498
65484
65470
65456
65443
65429
65416
65403
65391
65379
65368
65357
65347
65337
65328
65319
65311
65304
65297
65290
65285
65280
65275
65271
65267
65264
65261
65259
65257
65256
65255
65254
65254
65255
65255
65256
65258
65260
65262
65265
65268
65271
65275
65279
65284
65288
65294
65300
65306
65312
65319
65326
65333
65341
65349
65357
65366
65374
65383
65392
65401
65409
65418
65426
65434
65442
65450
65457
65465
65472
65478
65485
65491
65496
65502
65507
65511
65515
65519
65523
65527
65530
65533
1
4
7
10
13
16
19
22
26
29
32
36
40
44
48
52
56
60
64
68
72
76
80
84
88
91
94
97
100
102
103
105
105
106
105
105
104
102
100
97
94
90
86
81
75
70
63
57
50
42
35
27
19
10
1
65529
65520
65511
65501
65492
65483
65474
65464
65455
65446
65438
65429
65420
65412
65404
65396
65388
65381
65374
65367
65360
65354
65348
65342
65337
65331
65326
65321
65317
65312
65308
65304
65300
65297
65293
65290
65288
65285
65283
65282
65280
65280
65280
65280
65281
65283
65285
65289
65293
65297
65303
65309
65317
65325
65334
65344
65355
65368
65381
65394
65409
65424
65440
65456
65473
65490
65508
65526
7
25
42
60
77
93
109
124
138
151
164
175
186
195
204
211
216
221
224
227
228
228
226
224
220
216
211
204
197
189
180
171
161
151
140
128
117
104
92
79
67
54
41
28
15
2
65525
65513
65500
65488
65476
65464
65453
65442
65432
65422
65413
65405
65397
65390
65384
65379
65374
65371
65369
65368
65367
65368
65370
65374
65378
65383
65389
65396
65405
65414
65424
65435
65446
65458
65471
65485
65499
65513
65528
7
21
37
51
66
81
95
109
123
136
149
161
172
183
193
202
210
218
224
230
235
238
241
243
244
243
242
240
237
232
227
221
214
206
198
188
178
168
156
145
132
120
107
95
82
69
57
44
32
21
11
1
65528
65519
65512
65506
65501
65497
65494
65493
65493
65494
65496
65500
65505
65512
65519
65528
1
12
23
35
48
61
75
89
104
118
133
148
162
177
191
206
219
233
246
259
271
283
295
306
317
327
337
347
356
365
374
382
390
398
405
412
419
425
431
437
442
447
451
455
459
462
464
466
467
467
466
465
464
461
458
454
450
444
438
431
424
416
408
399
389
380
370
359
348
337
326
315
304
293
281
270
259
249
238
227
217
207
197
187
177
168
159
149
140
131
123
114
105
96
88
79
70
62
53
45
36
28
19
11
2
65530
65521
65513
65504
65495
65486
65478
65469
65459
65450
65441
65431
65421
65411
65401
65390
65378
65367
65354
65342
65329
65315
65301
65286
65270
65254
65238
65221
65203
65185
65167
65148
65129
65110
65090
65071
65051
65032
65013
64994
64976
64958
64941
64925
64910
64895
64882
64869
64858
64848
64840
64832
64827
64822
64819
64818
64818
64819
64822
64826
64832
64839
64848
64857
64868
64881
64894
64908
64924
64941
64958
64977
64996
65017
65038
65060
65084
65107
65132
65157
65183
65210
65237
65265
65294
65323
65352
65382
65412
65442
65473
65503
65534
29
59
90
120
150
179
208
236
263
290
315
339
363
385
406
425
443
460
475
489
501
512
521
529
535
539
543
545
545
544
542
538
533
527
519
511
502
491
480
467
454
440
425
410
393
376
359
340
321
302
282
262
242
221
201
180
159
138
117
97
76
56
36
17
65534
65516
65499
65482
65467
65452
65438
65425
65413
65401
65391
65382
65373
65366
65359
65353
65348
65343
65339
65336
65332
65330
65327
65325
65323
65322
65320
65318
65317
65315
65313
65311
65309
65306
65304
65301
65298
65295
65292
65289
65286
65284
65281
65279
65277
65275
65274
65274
65274
65274
65276
65278
65280
65284
65288
65293
65298
65304
65311
65319
65327
65336
65346
65355
65366
65376
65387
65398
65409
65420
65432
65443
65454
65465
65475
65486
65496
65506
65515
65525
65534
6
15
23
31
39
47
54
62
69
76
83
90
97
103
110
117
123
129
136
142
148
154
159
164
169
174
178
182
185
188
