8
8
8
8
8
8
8
8
8
8
8
7
7
7
7
7
7
7
7
7
7
7
7
7
7
7
7
7
7
7
7
7
7
7
7
7
7
8
8
8
8
8
8
8
8
8
8
9
9
9
9
9
9
9
9
9
9
9
9
9
9
9
9
9
9
9
9
10
10
10
10
10
10
10
10
10
10
10
10
11
11
11
11
11
11
11
11
11
11
11
11
12
12
12
12
11
11
11
11
11
11
11
11
11
11
10
10
10
10
10
10
9
9
9
9
8
8
8
8
8
8
7
7
7
7
7
7
7
7
6
6
6
6
6
6
6
6
6
6
6
6
6
6
6
6
6
6
6
6
6
6
7
7
7
7
7
7
7
7
7
7
7
7
7
7
7
7
7
7
7
7
7
7
7
7
7
7
7
7
6
6
6
6
6
6
6
6
6
6
6
6
6
6
6
6
6
6
6
6
6
6
6
6
6
6
6
6
6
6
6
6
5
5
5
5
5
5
5
5
5
5
4
4
4
4
4
4
4
4
4
4
4
4
4
4
4
4
4
4
4
4
4
4
4
4
4
4
4
4
4
4
4
4
4
4
5
5
5
5
5
5
5
5
4
4
4
4
4
4
4
4
4
4
4
4
4
4
4
4
4
4
4
4
4
4
4
4
4
4
4
4
4
4
4
4
4
4
4
4
4
4
4
4
4
4
4
4
4
4
4
4
4
4
4
4
4
4
4
4
3
3
3
3
3
3
3
3
3
3
3
3
2
2
2
2
2
2
2
2
2
2
1
1
1
1
1
1
1
1
1
1
1
1
1
1
1
1
1
1
1
1
1
1
1
1
1
1
1
1
1
1
1
1
1
1
1
1
1
1
1
1
1
1
1
1
1
1
2
2
2
2
1
1
1
1
1
1
1
1
1
1
1
1
0
0
0
0
0
0
0
0
0
0
0
0
0
0
0
0
0
0
0
0
0
0
0
0
0
0
0
0
0
0
1
1
1
1
1
1
1
1
2
2
2
2
2
2
2
2
3
3
3
3
3
3
4
4
4
4
5
5
5
5
6
6
6
6
6
6
7
7
7
7
7
7
8
8
8
8
8
8
8
8
8
8
8
8
8
8
8
8
8
8
8
8
8
8
8
8
8
8
8
8
9
9
9
9
10
10
10
10
11
11
11
11
12
12
12
12
12
12
12
12
12
12
12
11
11
11
10
10
9
8
8
7
6
5
4
3
2
1
0
65535
65534
65533
65531
65530
65529
65528
65526
65525
65524
65523
65522
65521
65520
65519
65518
65517
65517
65516
65515
65515
65514
65514
65513
65513
65513
65512
65512
65512
65511
65511
65511
65511
65511
65511
65511
65511
65511
65511
65511
65511
65512
65512
65512
65512
65513
65513
65513
65514
65514
65514
65515
65515
65516
65516
65517
65517
65518
65518
65519
65519
65519
65520
65520
65520
65521
65521
65521
65521
65521
65521
65521
65521
65520
65520
65520
65520
65519
65519
65519
65518
65518
65517
65517
65516
65515
65515
65514
65514
65514
65513
65513
65513
65512
65512
65512
65512
65512
65512
65512
65512
65512
65512
65512
65513
65513
65513
65514
65514
65515
65516
65516
65517
65518
65519
65520
65521
65522
65523
65523
65524
65525
65526
65527
65528
65529
65530
65531
65532
65533
65534
65535
0
1
2
3
4
5
6
8
9
10
11
13
14
15
17
18
20
21
23
24
26
28
29
31
33
34
36
38
39
41
43
44
46
47
48
50
51
52
53
54
55
56
57
58
58
58
59
59
59
59
59
59
59
59
58
58
57
56
55
54
53
52
51
49
48
46
45
43
41
39
37
35
33
30
28
26
23
21
18
16
13
10
7
5
2
65535
65533
65530
65528
65525
65522
65520
65517
65514
65512
65509
65507
65505
65503
65501
65499
65497
65495
65494
65492
65491
65490
65489
65488
65487
65486
65485
65485
65485
65485
65485
65486
65486
65487
65488
65489
65490
65491
65493
65494
65496
65499
65501
65504
65507
65510
65514
65517
65521
65525
65529
65534
2
7
12
17
23
28
33
39
44
50
55
61
66
71
76
81
86
91
95
99
102
106
108
111
113
115
116
117
117
117
116
115
113
111
108
105
102
98
93
89
84
78
72
66
60
53
46
40
33
26
18
11
4
65533
65525
65518
65511
65504
65497
65490
65484
65477
65471
65465
65460
65454
65449
65445
65440
65436
65432
65428
65425
65422
65420
65417
65416
65414
65413
65412
65411
65411
65411
65411
65412
65413
65415
65416
65419
65421
65424
65427
65430
65433
65437
65441
65445
65450
65455
65459
65464
65469
65474
65479
65484
65489
65495
65500
65505
65510
65515
65519
65524
65528
65532
65535
2
5
8
10
12
13
14
15
15
15
14
13
12
10
7
5
2
65534
65530
65526
65522
65517
65513
65508
65503
65498
65493
65488
65483
65478
65473
65469
65464
65460
65456
65452
65449
65446
65444
65442
65440
65439
65439
65439
65439
65440
65442
65444
65447
65450
65454
65459
65464
65469
65475
65482
65489
65496
65504
65512
65521
65530
4
13
23
34
44
55
66
77
88
99
110
121
132
143
154
165
175
185
195
205
213
222
230
238
245
251
257
263
268
272
275
278
280
281
281
281
279
278
275
272
268
263
257
251
244
236
227
219
209
199
189
178
166
155
142
130
117
104
91
78
65
52
38
25
12
65535
65523
65510
65498
65486
65474
65463
65452
65442
65432
65423
65414
65405
65398
65390
65384
65378
65372
65367
65363
65359
65356
65353
65351
65349
65347
65347
65346
65347
65347
65348
65350
65351
65353
65355
65357
65360
65362
65365
65368
65371
65374
65377
65380
65383
65386
65389
65392
65394
65397
65399
65401
65403
65405
65406
65407
65408
65409
65410
65410
65411
65411
65410
65410
65409
65409
65408
65407
65406
65405
65404
65402
65401
65400
65398
65397
65396
65395
65394
65393
65392
65392
65391
65391
65391
65392
65393
65394
65396
65398
65401
65403
65407
65411
65415
65419
65424
65430
65436
65442
65449
65456
65464
65472
65480
65489
65499
65508
65518
65528
2
13
24
34
45
56
67
78
89
100
111
122
133
144
154
165
175
185
195
205
215
224
233
242
251
260
269
277
285
293
300
308
315
322
329
336
342
348
354
359
365
370
374
378
382
386
389
391
393
395
395
396
395
394
392
390
387
383
378
372
366
358
351
342
333
323
312
300
288
275
261
246
232
216
200
184
167
150
132
115
96
78
59
41
22
3
65520
65501
65482
65464
65445
65427
65408
65390
65372
65354
65337
65320
65303
65286
65270
65254
65238
65223
65208
65194
65180
65166
65153
65140
65128
65117
65105
65095
65085
65076
65068
65060
65053
65047
65041
65036
65032
65028
65026
65024
65023
65023
65024
65026
65028
65032
65036
65041
65047
65054
65061
65070
65079
65089
65099
65110
65122
65135
65147
65161
65174
65189
65203
65218
65233
65248
65263
65278
65294
65309
65325
65341
65356
65371
65386
65401
65416
65430
65444
65458
65472
65485
65498
65511
65523
0
11
23
34
45
56
66
76
86
95
104
113
122
131
140
148
156
164
172
179
187
194
201
208
215
222
228
235
241
247
253
259
265
271
277
282
288
293
298
303
308
313
318
322
326
330
334
337
340
343
346
349
351
353
354
356
357
357
357
356
355
354
352
349
346
342
337
332
327
320
313
305
297
288
278
268
257
245
232
219
206
191
176
161
145
128
111
94
76
58
40
21
2
65519
65500
65481
65462
65443
65424
65405
65387
65368
65350
65332
65315
65298
65281
65265
65250
65234
65220
65206
65193
65181
65169
65158
65148
65139
65131
65124
65117
65112
65107
65103
65100
65099
65098
65098
65100
65102
65105
65110
65115
65122
65129
65137
65146
65156
65166
65178
65190
65203
65216
65230
65244
65259
65275
65290
65306
65322
65339
65355
65372
65388
65405
65421
65437
65453
65469
65484
65499
65514
65528
6
20
33
46
58
70
81
92
102
112
122
131
140
149
157
164
172
179
186
192
199
205
210
216
221
226
231
236
241
245
249
253
257
262
266
270
274
278
282
286
290
294
298
303
308
313
318
324
329
335
342
348
355
362
369
377
385
393
402
410
419
428
437
445
453
462
469
477
484
490
496
500
505
508
510
510
510
508
505
501
495
487
478
468
455
441
425
408
388
368
345
321
295
268
240
210
179
147
114
80
45
10
65510
65474
65437
65401
65364
65327
65291
65255
65219
65184
65149
65115
65082
65050
65019
64989
64960
64932
64906
64880
64857
64834
64813
64794
64776
64760
64745
64732
64721
64711
64703
64697
64692
64689
64688
64688
64691
64695
64700
64707
64716
64727
64739
64753
64768
64785
64803
64822
64843
64865
64888
64912
64937
64963
64990
65017
65045
65074
65103
65132
65161
65190
65219
65248
65277
65305
65333
65360
65386
65412
65436
65460
65483
65504
65525
8
26
43
59
74
87
99
110
120
128
136
143
149
154
158
161
164
167
169
170
172
173
174
175
177
178
180
182
184
186
190
193
197
201
206
211
217
223
229
236
244
251
259
268
277
286
295
304
313
323
332
341
351
360
369
377
386
394
402
410
417
423
429
435
440
444
448
451
453
455
455
455
454
452
449
446
441
435
428
420
411
401
390
378
364
350
334
317
300
281
262
241
220
198
175
152
128
103
79
54
28
3
65513
65488
65463
65438
65413
65389
65366
65343
65320
65299
65279
65259
65241
65223
65207
65192
65179
65166
65155
65146
65138
65131
65125
65121
65118
65117
65117
65118
65120
65124
65129
65135
65143
65151
65160
65171
65182
65194
65207
65221
65236
65251
65266
65282
65299
65316
65333
65350
65367
65385
65402
65420
65437
65454
65471
65488
65504
65520
0
15
29
43
56
68
80
91
101
111
119
127
134
140
145
150
153
156
157
158
158
158
157
155
152
149
146
142
137
133
128
123
118
113
108
103
98
93
89
86
82
79
77
75
74
73
73
73
74
76
78
82
85
89
94
99
105
111
117
124
131
138
145
153
160
168
175
182
189
195
201
207
212
216
220
224
227
229
230
231
231
230
229
227
224
220
216
211
205
199
192
185
177
168
160
150
141
131
121
110
100
89
78
67
56
45
35
24
13
3
65529
65518
65508
65499
65489
65480
65471
65462
65454
65445
65437
65430
65422
65415
65408
65401
65395
65389
65383
65378
65373
65368
65363
65358
65354
65350
65346
65343
65340
65337
65334
65331
65329
65326
65324
65323
65321
65320
65319
65318
65317
65316
65315
65314
65314
65313
65312
65312
65311
65311
65310
65309
65308
65307
65306
65305
65304
65302
65300
65299
65297
65295
65293
65291
65288
65286
65283
65280
65278
65275
65272
65270
65267
65265
65263
65261
65260
65258
65257
65257
65256
65257
65257
65258
65260
65262
65265
65268
65272
65276
65281
65287
65293
65300
65307
65315
65324
65333
65343
65353
65364
65375
65387
65399
65411
65424
65437
65450
65464
65477
65491
65505
65519
65533
11
25
39
53
67
80
93
106
119
131
142
154
164
174
184
193
202
210
217
223
229
235
240
244
247
250
252
253
254
254
253
252
250
247
244
241
237
233
228
223
218
212
206
200
194
188
182
176
170
164
158
152
147
142
137
133
129
126
123
120
118
117
116
116
116
117
118
120
123
125
129
133
137
141
146
151
157
162
168
174
179
185
190
195
200
204
209
212
216
219
221
223
224
224
223
222
220
217
213
208
203
197
189
181
173
163
153
142
130
118
105
92
78
64
49
34
19
4
65524
65508
65493
65477
65462
65447
65432
65417
65403
65389
65375
65362
65350
65338
65327
65317
65308
65299
65291
65285
65279
65273
65269
65266
65263
65262
65261
65262
65263
65265
65268
65272
65277
65283
65289
65296
65304
65312
65321
65331
65341
65352
65363
65374
65386
65398
65410
65422
65435
65447
65459
65471
65483
65495
65506
65517
65528
2
12
21
30
38
45
52
58
64
68
72
76
78
80
81
82
82
81
80
78
76
74
70
67
63
59
54
49
45
40
35
30
25
21
16
11
7
3
65535
65532
65528
65525
65523
65521
65519
65518
65518
65517
65518
65519
65520
65522
65524
65527
65530
65534
3
8
13
19
26
33
40
48
56
65
75
84
94
105
115
126
137
149
160
172
183
195
206
217
227
237
247
256
265
273
280
286
291
295
299
301
302
301
300
297
293
287
280
272
262
251
239
225
210
193
176
157
137
116
94
71
47
23
65534
65509
65483
65457
65430
65404
65377
65351
65324
65298
65273
65248
65223
65199
65175
65152
65130
65109
65088
65069
65051
65033
65017
65002
64987
64975
64963
64953
64944
64936
64929
64924
64920
64918
64917
64917
64919
64922
64926
64932
64939
64948
64958
64969
64982
64996
65011
65027
65045
65063
65083
65103
65124
65147
65170
65193
65218
65242
65268
65293
65319
65344
65370
65396
65421
65446
65470
65494
65518
4
26
47
66
85
102
119
134
148
161
172
182
191
198
205
210
213
216
217
218
217
215
213
210
206
201
196
191
185
178
172
165
158
151
145
138
132
125
120
114
109
104
100
96
92
90
87
85
84
83
83
84
85
86
89
91
95
99
103
108
114
120
127
134
142
151
160
169
179
190
201
212
224
236
248
261
273
286
299
312
325
338
350
362
374
386
397
407
416
425
432
438
444
448
451
452
452
451
448
444
438
430
421
410
398
384
369
352
334
315
294
272
249
225
201
175
149
123
96
69
41
14
65522
65495
65468
65441
65415
65390
65365
65341
65318
65295
65274
65254
65234
65216
65199
65183
65168
65154
65142
65130
65120
65111
65103
65097
65091
65086
65082
65079
65077
65076
65076
65077
65078
65080
65083
65087
65092
65097
65103
65109
65116
65123
65131
65140
65149
65158
65168
65178
65189
65201
65212
65224
65236
65248
65261
65274
65287
65300
65313
65326
65339
65351
65364
65377
65389
65401
65413
65425
65436
65446
65457
65466
65476
65485
65493
65501
65509
65516
65522
65528
65534
4
9
13
18
22
26
30
33
37
41
45
49
53
58
62
67
73
78
85
91
98
106
114
122
131
141
151
161
171
182
193
205
216
228
240
252
263
275
287
298
310
321
331
341
351
360
369
377
385
392
398
404
409
414
418
421
424
426
427
428
428
427
425
423
421
418
414
409
404
398
391
384
376
367
358
348
337
326
313
300
286
272
256
240
222
204
186
166
146
124
103
80
57
33
8
65519
65494
65468
65441
65415
65388
65361
65334
65307
65280
65253
65227
65201
65175
65150
65125
65101
65078
65055
65034
65014
64994
64976
64958
64942
64927
64913
64900
64889
64879
64870
64862
64855
64850
64845
64842
64840
64840
64840
64842
64844
64848
64853
64858
64865
64872
64880
64889
64900
64911
64922
64935
64949
64963
64978
64994
65010
65027
65045
65064
65083
65103
65123
65144
65166
65187
65210
65232
65255
65279
65303
65327
65351
65375
65399
65423
65447
65471
65495
65519
6
29
51
73
94
115
135
154
173
190
208
224
239
254
268
281
293
304
315
325
334
342
349
356
362
367
372
376
380
383
385
388
389
391
392
393
394
394
394
394
394
393
392
392
391
389
388
387
385
384
382
380
378
376
374
371
369
367
364
361
359
356
353
350
347
344
340
337
334
331
327
324
321
317
314
310
307
303
300
296
292
288
284
280
275
271
266
260
254
248
241
234
226
218
209
199
188
177
165
153
139
125
110
94
78
61
43
24
6
65522
65503
65483
65462
65442
65421
65400
65380
65359
65339
65319
65299
65280
65261
65244
65226
65210
65194
65180
65166
65154
65142
65132
65122
65114
65106
65100
65094
65090
65087
65084
65083
65082
65082
65083
65085
65087
65090
65094
65099
65103
65109
65115
65121
65127
65134
65142
65149
65157
65165
65174
65183
65192
65201
65210
65220
65229
65239
65249
65259
65270
65281
65291
65302
65314
65325
65336
65347
65359
65370
65382
65393
65405
65416
65427
65438
65449
65460
65470
65481
65490
65500
65509
65517
65526
65533
5
12
18
25
30
36
41
45
50
54
57
61
64
67
70
73
76
79
82
85
88
92
95
98
102
106
110
114
119
123
128
133
138
143
148
153
158
162
167
171
175
179
182
184
186
187
188
188
188
186
184
181
177
172
167
160
153
145
136
126
116
104
93
80
67
53
39
24
9
65530
65514
65498
65482
65466
65450
65434
65418
65402
65386
65370
65355
65340
65325
65311
65297
65284
65271
65259
65247
65236
65225
65215
65205
65197
65189
65181
65175
65169
65164
65159
65156
65153
65151
65149
65149
65149
65150
65152
65155
65159
65163
65168
65174
65180
65188
65196
65205
65214
65224
65235
65246
65258
65270
65283
65296
65309
65323
65337
65352
65366
65381
65396
65411
65426
65441
65455
65470
65485
65499
65513
65528
6
19
33
46
59
72
84
97
109
121
133
144
155
166
176
187
197
207
217
226
235
244
253
261
270
277
285
292
299
306
312
318
324
330
335
339
344
348
352
356
359
363
366
369
372
375
377
380
383
386
388
391
394
398
401
404
408
412
416
421
425
430
435
440
445
450
455
460
465
470
474
478
482
485
488
490
492
493
493
492
490
488
484
480
474
468
461
452
443
433
421
409
397
383
369
354
339
323
306
290
273
256
238
221
204
187
170
154
138
122
107
92
78
64
51
38
26
15
4
65529
65519
65510
65501
65492
65484
65476
65468
65461
65453
65446
65439
65432
65425
65418
65412
65405
65398
65391
65384
65377
65370
65363
65355
65348
65340
65333
65325
65318
65310
65303
65296
65288
65281
65275
65268
65261
65255
65249
65243
65237
65232
65226
65221
65217
65212
65208
65204
65200
65196
65193
65189
65186
65183
65179
65176
65172
65168
65165
65161
65157
65153
65148
65144
65139
65134
65129
65123
65117
65111
65105
65099
65093
65087
65081
65074
65068
65062
65056
65050
65044
65039
65034
65030
65026
65023
65020
65018
65016
65016
65016
65017
65019
65022
65025
65030
65035
65042
65049
65057
65066
65076
65087
65099
65111
65125
65139
65153
65168
65184
65201
65217
65235
65252
65270
65288
65306
65324
65342
65360
65378
65396
65413
65431
65448
65464
65481
65496
65512
65526
4
18
31
44
56
67
78
88
97
106
114
121
128
134
140
145
150
154
157
160
163
165
167
168
169
169
170
170
169
169
168
167
166
165
164
162
161
159
157
156
154
152
150
148
146
144
142
140
138
136
134
132
130
128
125
123
121
118
116
113
111
108
106
104
101
99
97
95
93
91
89
87
86
85
84
83
83
83
83
84
85
86
88
90
93
95
99
102
106
111
115
120
125
130
136
142
147
153
158
164
170
175
180
185
189
194
197
201
204
206
208
209
210
210
210
209
208
206
203
200
196
192
188
183
177
171
165
158
151
144
137
129
121
114
106
98
90
82
75
67
60
53
46
40
33
27
21
16
11
6
2
65534
65530
65527
65524
65521
65519
65518
65516
65515
65515
65514
65515
65515
65516
65518
65519
65521
65524
65526
65529
65532
65535
3
7
11
15
19
23
28
32
36
40
44
48
52
55
59
62
65
68
71
74
76
78
80
81
82
83
84
84
84
84
84
83
83
82
81
80
79
78
77
76
74
73
72
70
69
68
66
65
64
63
62
61
60
59
58
57
57
56
55
54
54
53
52
51
51
50
49
47
46
45
44
42
41
39
37
36
34
32
30
27
24
22
19
15
12
9
5
1
65533
65529
65525
65520
65516
65511
65506
65501
65496
65491
65485
65480
65475
65469
65464
65458
65453
65447
65442
65436
65431
65425
65420
65415
65409
65404
65399
65394
65389
65384
65379
65374
65370
65365
65360
65356
65351
65347
65343
65338
65334
65330
65326
65322
65318
65314
65310
65306
65302
65298
65294
65290
65287
65284
65280
65277
65274
65272
65269
65267
65265
65263
65261
65259
65257
65256
65255
65254
65253
65252
65251
65251
65250
65250
65250
65250
65249
65249
65249
65249
65249
65249
65248
65248
65248
65248
65248
65248
65248
65249
65249
65250
65251
65252
65253
65255
65257
65260
65263
65267
65271
65276
65282
65288
65296
65304
65313
65322
65333
65344
65356
65369
65382
65396
65411
65427
65443
65460
65478
65495
65513
65532
14
33
52
71
89
108
126
143
160
177
193
209
223
237
251
263
274
285
295
304
312
319
325
330
335
339
342
344
345
346
346
346
345
344
342
340
337
333
330
326
321
317
312
306
301
295
289
283
276
269
262
255
247
239
231
223
214
206
197
188
178
169
160
150
141
131
121
112
103
94
85
77
69
61
54
47
41
36
31
27
23
20
18
17
17
17
18
20
22
25
29
33
38
43
49
55
61
68
74
81
88
95
101
107
113
119
124
129
133
136
139
141
143
144
144
143
142
140
137
133
129
124
119
113
107
101
94
86
79
71
63
55
48
40
32
24
17
9
2
65532
65525
65519
65514
65508
65503
65499
65495
65491
65488
65486
65483
65481
65480
65478
65477
65477
65476
65476
65476
65477
65478
65479
65480
65481
65483
65484
65486
65488
65490
65492
65494
65497
65499
65502
65505
65507
65510
65513
65517
65520
65523
65526
65530
65533
0
3
7
10
13
15
18
21
23
25
27
29
30
31
32
32
32
31
30
29
27
25
22
19
16
12
7
3
65534
65528
65523
65517
65511
65505
65499
65493
65486
65480
65474
65468
65462
65456
65450
65445
65440
65435
65431
65427
65423
65420
65417
65415
65413
65411
65410
65409
65409
65409
65409
65410
65411
65413
65414
65416
65419
65421
65424
65427
65430
65433
65437
65440
65443
65446
65450
65453
65456
65459
65462
65464
65467
65469
65471
65472
65473
65474
65475
65475
65476
65475
65475
65474
65472
65471
65468
65466
65463
65460
65456
65452
65448
65444
65439
65434
65428
65423
65418
65412
65406
65400
65394
65388
65382
65376
65370
65364
65359
65353
65348
65344
65339
65335
65332
65329
65326
65324
65323
65322
65322
65323
65324
65326
65328
65331
65335
65340
65345
65351
65357
65365
65372
65380
65389
65398
65407
65417
65427
65438
