65522
8
30
52
73
94
115
134
153
172
189
205
220
234
246
257
267
275
282
287
291
293
293
292
290
285
280
273
264
254
243
230
217
203
187
171
154
137
119
101
83
65
47
29
12
65531
65515
65499
65485
65472
65459
65448
65438
65430
65423
65417
65413
65410
65409
65409
65411
65414
65418
65424
65431
65439
65448
65458
65469
65480
65493
65505
65518
65532
9
22
35
48
60
71
82
92
101
109
116
122
127
131
133
134
134
132
129
124
119
112
103
94
84
73
60
47
33
19
4
65524
65509
65493
65476
65460
65445
65429
65414
65400
65386
65372
65360
65348
65337
65328
65319
65312
65306
65301
65298
65295
65295
65296
65298
65301
65306
65313
65321
65330
65340
65352
65364
65378
65393
65409
65425
65442
65460
65479
65497
65516
0
19
39
58
77
96
114
132
149
166
181
197
211
224
236
248
258
267
274
281
286
290
293
294
295
294
292
289
285
280
274
268
260
251
242
232
222
211
200
188
177
165
153
142
131
120
110
101
92
84
77
71
66
62
59
58
58
60
63
67
73
80
88
98
108
120
132
145
159
173
188
203
217
232
246
259
272
283
293
302
309
315
318
320
319
316
311
304
294
281
267
250
230
209
185
159
132
102
71
39
5
65507
65472
65436
65400
65364
65328
65292
65257
65223
65190
65159
65128
65100
65073
65048
65025
65004
64986
64969
64955
64944
64935
64929
64925
64923
64924
64927
64933
64941
64951
64964
64978
64995
65013
65033
65054
65077
65101
65126
65152
65179
65207
65235
65264
65292
65321
65349
65377
65405
65432
65458
65484
65508
65531
17
37
56
73
88
102
114
124
131
137
142
144
144
143
140
135
129
121
112
101
90
77
64
50
36
22
7
65528
65514
65500
65486
65474
65461
65450
65440
65432
65424
65419
65414
65412
65411
65411
65414
65418
65423
65430
65439
65450
65462
65475
65490
65506
65523
6
25
45
65
86
107
129
150
172
193
213
233
252
270
287
303
317
330
342
351
359
365
369
371
370
368
363
357
348
337
323
308
290
271
250
226
202
175
147
118
88
57
25
65529
65496
65463
65429
65396
65364
65331
65300
65269
65240
65212
65185
65160
65137
65116
65097
65080
65065
65053
65043
65035
65031
65028
65029
65032
65037
65045
65056
65068
65083
65100
65119
65139
65161
65185
65210
65236
65263
65290
65319
65347
65376
65405
65433
65461
65489
65515
4
29
52
73
94
112
129
144
157
169
178
186
192
196
199
199
198
195
190
184
177
169
159
148
137
124
111
97
83
69
54
40
26
12
65534
65521
65509
65497
65486
65476
65467
65459
65452
65447
65443
65440
65438
65438
65439
65442
65446
65452
65459
65467
65477
65488
65500
65514
65529
9
26
44
63
83
104
125
147
169
191
214
237
259
281
303
325
346
366
386
405
422
439
454
468
481
492
501
509
516
520
523
524
524
522
518
512
504
495
484
472
458
443
427
409
391
371
351
331
309
288
267
245
224
204
184
164
146
129
112
97
84
71
61
52
44
39
35
33
32
34
36
40
46
52
60
68
77
87
97
107
117
127
136
145
153
160
165
169
172
173
171
168
163
156
146
134
120
104
86
65
43
19
65528
65501
65472
65441
65410
65378
65345
65311
65277
65244
65210
65176
65143
65111
65080
65049
65020
64992
64966
64941
64918
64897
64878
64861
64846
64833
64822
64813
64807
64803
64801
64801
64803
64808
64814
64823
64833
64846
64860
64875
64893
64912
64932
64954
64977
65001
65026
65051
65078
65105
65133
65161
65189
65218
65246
65274
65302
65330
65357
65383
65409
65434
65458
65481
65503
65524
8
26
43
59
73
86
98
108
117
125
131
136
140
142
144
145
144
143
141
138
134
130
126
121
116
111
105
100
95
90
85
81
77
74
71
69
67
67
67
68
70
73
77
81
87
94
102
111
121
131
143
155
168
181
195
209
223
238
253
267
281
295
309
321
333
343
353
361
367
372
375
376
375
373
368
361
352
341
327
311
293
273
252
228
202
175
146
116
85
53
20
65522
65488
65454
65420
65386
65352
65319
65287
65256
65226
65198
65172
65147
65124
65103
65084
65067
65053
65041
65031
65024
65020
65018
65018
65021
65026
65033
65043
65054
65068
65084
65101
65121
65142
65164
65188
65212
65238
65265
65292
65320
65348
65376
65404
65433
65460
65487
65514
4
29
53
75
97
117
136
153
169
183
195
206
214
222
227
231
233
233
232
229
225
220
213
206
197
188
178
167
156
144
132
121
109
97
86
75
64
55
46
37
30
24
20
16
13
12
12
14
16
20
26
33
41
51
62
74
87
102
117
134
151
169
188
208
228
249
270
292
313
334
355
376
396
416
435
453
471
487
502
516
528
539
548
556
562
565
568
567
565
561
555
546
535
523
508
492
473
452
430
406
381
354
326
296
266
235
203
170
137
104
71
38
6
65510
65478
65448
65419
65391
65364
65338
65314
65292
65271
65252
65235
65220
65207
65196
65187
65180
65174
65170
65168
65168
65170
65173
65178
65184
65191
65200
65210
65220
65232
65244
65257
65270
65284
65298
65312
65326
65340
65354
65368
65381
65394
65406
65417
65428
65437
65446
65454
65461
65467
65472
65476
65479
65480
65481
65481
65479
65476
65473
65468
65463
65457
65450
65443
65435
65426
65417
65408
65399
65389
65380
65370
65361
65352
65344
65336
65329
65322
65317
65313
65310
65307
65306
65307
65308
65311
65315
65321
65328
65337
65347
65359
65372
65386
65402
65419
65436
65455
65475
65495
65516
2
24
47
70
92
115
138
160
182
204
224
244
263
280
297
312
326
338
349
358
365
371
375
377
377
376
373
367
360
351
340
328
313
297
280
261
240
218
195
171
146
121
94
67
39
11
65519
65491
65463
65435
65408
65381
65355
65330
65306
65283
65261
65241
65222
65204
65189
65174
65162
65151
65142
65134
65129
65125
65123
65123
65125
65128
65132
65138
65146
65154
65164
65175
65187
65200
65214
65228
65242
65257
65272
65287
65302
65316
65331
65345
65358
65371
65384
65395
65406
65416
65425
65432
65439
65445
65449
65453
65456
65457
65458
65457
65456
65454
65452
65449
65445
65440
65436
65431
65426
65421
65416
65411
65406
65402
65399
65396
65394
65392
65391
65392
65393
65395
65399
65403
65409
65416
65424
65433
65444
65456
65469
65483
65499
65515
65532
15
34
54
75
96
118
140
162
184
206
229
251
272
294
315
335
354
373
391
407
423
437
450
462
472
481
488
493
497
499
499
497
493
488
481
472
461
449
434
419
402
383
363
342
320
297
273
248
223
197
171
145
119
92
67
41
17
65529
65505
65483
65462
65442
65423
65406
65390
65375
65362
65351
65341
65333
65326
65321
65317
65315
65315
65316
65318
65321
65326
65331
65338
65345
65354
65363
65372
65382
65392
65403
65413
65423
65434
65443
65453
65461
65469
65476
65483
65488
65492
65495
65497
65498
65497
65495
65491
65486
65480
65472
65463
65453
65441
65429
65415
65400
65384
65367
65350
65333
65315
65297
65279
65262
65245
65228
65212
65197
65183
65171
65160
65150
65142
65136
65132
65130
65131
65133
65137
65144
65153
65164
65178
65193
65210
65229
65250
65273
65296
65322
65348
65375
65403
65431
65460
65489
65518
11
39
67
94
120
144
168
190
211
230
248
264
278
290
301
310
317
323
327
329
329
328
326
322
317
311
303
295
286
276
265
253
241
228
215
202
188
175
161
148
135
122
110
98
87
77
68
60
52
46
41
37
35
35
35
38
42
48
56
66
77
91
106
122
141
161
183
206
230
256
283
310
338
367
395
424
453
481
509
535
561
585
607
628
647
663
677
688
697
702
705
705
701
695
685
672
655
636
613
588
559
528
495
459
421
381
340
297
253
208
162
116
69
23
65513
65467
65423
65379
65336
65295
65256
65218
65182
65148
65116
65086
65058
65033
65011
64991
64973
64958
64945
64935
64927
64921
64918
64917
64918
64921
64926
64933
64941
64951
64962
64975
64989
65003
65019
65035
65051
65068
65085
65101
65118
65134
65150
65165
65180
65193
65206
65217
65227
65236
65243
65248
65252
65255
65256
65255
65253
65249
65243
65236
65228
65218
65207
65195
65182
65168
65154
65139
65123
65108
65093
65077
65063
65049
65035
65023
65012
65002
64994
64987
64982
64978
64977
64977
64979
64984
64990
64999
65010
65023
65037
65054
65073
65094
65116
65140
65166
65193
65221
65250
65280
65311
65342
65374
65406
65439
65471
65503
65535
31
62
92
121
149
177
203
227
251
272
293
311
328
343
357
368
378
386
392
397
399
400
399
396
392
386
378
369
358
346
333
319
304
288
271
254
236
218
200
181
163
145
127
109
92
76
61
46
32
19
8
65533
65524
65516
65509
65503
65499
65496
65495
65494
65495
65497
65500
65504
65509
65515
65522
65529
1
10
18
27
36
45
54
63
71
79
86
92
97
102
105
108
109
109
107
105
101
95
88
80
71
60
48
35
21
6
65527
65510
65493
65475
65457
65439
65421
65404
65386
65369
65353
65338
65324
65311
65299
65289
65280
65273
65268
65264
65263
65263
65265
65269
65276
65284
65293
65305
65318
65332
65348
65366
65384
65403
65423
65444
65465
65486
65508
65530
16
37
58
79
99
119
138
155
172
189
204
218
231
244
255
266
276
285
293
301
308
315
322
327
333
338
343
348
353
357
362
366
370
374
377
381
384
387
389
392
393
394
395
395
395
393
391
389
385
381
376
370
363
355
347
338
329
319
308
298
287
275
264
252
241
229
217
206
195
185
175
165
156
148
140
132
126
119
114
109
104
100
97
93
90
88
85
83
80
78
75
72
69
66
62
58
53
48
42
36
29
22
15
6
65534
65524
65515
65504
65494
65483
65472
65461
65449
65438
65426
65415
65404
65393
65382
65371
65361
65351
65342
65333
65324
65316
65309
65302
65296
65291
65286
65282
65278
65275
65272
65270
65269
65268
65268
65268
65269
65271
65273
65275
65278
65281
65285
65289
65293
65297
65302
65307
65311
65316
65321
65327
65332
65337
65342
65348
65353
65358
65363
65368
65373
65377
65382
65386
65390
65393
65397
65400
65402
65405
65407
65409
65410
65411
65412
65413
65413
65414
65413
65413
65412
65411
65410
65409
65407
65405
65404
65402
65400
65398
65396
65394
65392
65390
65388
65386
65385
65383
65382
65381
65380
65379
65379
65379
65379
65380
65381
65383
65385
65387
65390
65394
65398
65403
65409
65415
65422
65430
65438
65448
65457
65468
65479
65491
65504
65517
65531
9
24
40
55
71
88
104
121
137
154
170
186
201
216
231
245
258
271
283
293
303
312
319
325
330
334
337
338
338
337
334
330
325
319
312
304
294
284
272
260
247
234
220
205
190
175
159
144
128
113
98
83
69
55
42
29
17
6
65532
65522
65514
65507
65501
65495
65491
65488
65487
65486
65487
65489
65491
65495
65500
65506
65512
65520
65528
0
9
19
29
39
49
59
69
79
89
98
107
115
122
129
135
140
145
148
151
152
153
152
151
149
146
142
138
132
126
119
111
103
95
85
76
66
56
45
34
24
13
2
65527
65516
65506
65495
65484
65474
65464
65453
65443
65433
65423
65414
65404
65395
65386
65377
65369
65360
65353
65345
65338
65331
65324
65318
65313
65308
65303
65299
65295
65293
65290
65288
65287
65286
65286
65287
65288
65289
65291
65294
65297
65300
65304
65308
65312
65316
65321
65326
65330
65335
65340
65344
65348
65353
65356
65360
65363
65366
65368
65370
65371
65372
65372
65372
65372
65371
65370
65368
65366
65364
65362
65360
65357
65355
65353
65351
65349
65347
65346
65344
65344
65343
65343
65344
65345
65347
65349
65352
65355
65359
65364
65368
65374
65380
65386
65392
65399
65407
65414
65422
65430
65438
65446
65454
65463
65471
65479
65487
65495
65502
65510
65517
65524
65530
1
7
13
19
24
30
35
39
44
48
52
55
59
62
65
67
70
72
74
76
78
79
81
82
83
84
85
86
87
88
89
90
91
92
94
96
98
101
104
107
111
116
121
126
133
140
147
155
164
174
184
195
206
217
230
242
255
268
280
293
306
318
331
342
353
364
373
382
390
398
404
408
412
414
415
415
414
411
408
403
397
391
383
375
366
356
346
336
325
314
303
292
281
271
260
250
240
230
221
212
204
196
188
181
174
167
161
155
149
143
136
130
124
117
111
104
96
88
80
71
61
51
41
30
18
7
65530
65518
65505
65492
65479
65465
65451
65437
65424
65410
65396
65383
65370
65357
65344
65332
65320
65308
65297
65287
65277
65267
65258
65249
65241
65234
65227
65220
65214
65209
65204
65200
65196
65193
65191
65189
65188
65188
65188
65189
65191
65193
65197
65201
65206
65212
65218
65225
65233
65242
65251
65261
65272
65283
65295
65308
65321
65334
65348
65362
65377
65391
65406
65421
65436
65451
65465
65480
65494
65509
65522
0
13
26
38
50
62
73
83
94
103
113
122
130
138
146
153
160
166
172
178
183
188
193
196
199
202
204
205
206
206
206
204
202
200
196
191
186
180
173
165
156
147
137
126
114
102
89
76
62
48
34
20
6
65528
65514
65501
65487
65475
65462
65450
65439
65429
65419
65410
65401
65394
65387
65381
65376
65372
65368
65365
65363
65361
65360
65359
65358
65358
65359
65359
65360
65361
65362
65363
65364
65364
65365
65365
65365
65365
65365
65364
65364
65363
65362
65360
65359
65358
65356
65354
65353
65351
65350
65348
65347
65346
65345
65344
65344
65344
65344
65345
65346
65347
65349
65351
65354
65357
65360
65364
65368
65373
65378
65384
65390
65396
65403
65411
65418
65426
65435
65443
65452
65461
65471
65480
65490
65500
65510
65520
65530
4
14
24
33
43
52
60
68
75
82
88
93
98
101
104
105
106
106
105
103
101
97
93
88
82
76
69
62
54
45
37
29
20
12
4
65532
65524
65517
65510
65503
65497
65492
65487
65483
65480
65478
65476
65474
65473
65473
65473
65473
65474
65476
65477
65479
65481
65483
65485
65487
65489
65491
65493
65495
65497
65500
65502
65504
65507
65510
65513
65516
65520
65524
65529
65534
4
10
17
25
33
42
52
62
73
84
96
109
121
134
148
161
175
188
201
214
226
237
248
258
267
276
283
289
294
298
301
303
304
304
303
301
299
296
292
288
284
280
275
270
266
262
258
255
252
250
249
248
248
249
251
253
256
259
263
268
273
278
284
290
295
301
306
311
316
320
323
326
328
329
330
329
327
325
321
317
311
304
296
288
278
268
256
244
231
218
204
189
174
158
142
126
109
92
75
58
41
23
6
65524
65507
65490
65473
65456
65439
65422
65406
65390
65374
65359
65344
65329
65315
65302
65289
65276
65264
65253
65243
65233
65224
65216
65209
65202
65197
65192
65188
65185
65183
65182
65181
65181
65183
65185
65187
65191
65195
65200
65205
65210
65217
65223
65230
65237
65245
65252
65260
65268
65276
65284
65293
65301
65309
65317
65325
65332
65340
65347
65354
65361
65367
65373
65379
65384
65388
65392
65396
65399
65402
65404
65405
65406
65406
65406
65405
65403
65401
65398
65395
65391
65387
65382
65377
65372
65367
65362
65357
65352
65347
65342
65338
65334
65331
65329
65327
65327
65327
65328
65329
65332
65336
65341
65346
65353
65360
65368
65377
65387
65397
65407
65418
65428
65439
65450
65461
65471
65480
65489
65497
65505
65512
65517
65522
65525
65528
65529
65529
65528
65526
65523
65519
65514
65508
65502
65496
65488
65481
65474
65466
65459
65452
65445
65439
65434
65429
65425
65422
65420
65419
65420
65421
65423
65427
65431
65436
65443
65450
65459
65468
65478
65489
65500
65512
65524
0
12
25
37
50
62
74
86
97
109
120
130
140
149
158
166
174
182
189
195
201
206
211
215
219
223
226
228
230
232
233
233
234
233
233
231
230
228
225
222
219
215
211
206
201
195
190
183
177
170
163
156
149
141
133
125
118
110
102
94
86
79
71
64
57
51
44
38
33
27
22
18
14
10
7
5
2
1
65535
65534
65534
65534
65534
65535
0
2
4
6
9
13
16
20
24
28
33
38
43
49
55
61
67
73
78
84
90
96
101
107
112
116
120
124
128
131
133
135
137
137
138
137
136
135
132
130
126
122
118
113
108
103
97
91
85
79
73
67
61
55
50
45
41
37
34
32
30
29
29
30
31
33
36
40
45
50
55
62
68
76
83
91
99
106
114
122
129
137
144
150
156
161
166
170
174
177
180
182
183
184
184
183
183
181
180
178
176
173
171
168
165
162
159
156
153
150
147
144
140
137
133
129
125
120
115
109
103
96
88
80
70
60
49
36
23
9
65530
65514
65498
65481
65463
65444
65426
65407
65388
65368
65349
65330
65312
65294
65277
65261
65246
65232
65219
65207
65197
65188
65180
65173
65168
65164
65162
65160
65160
65161
65163
65166
65170
65174
65179
65184
65190
65196
65202
65208
65213
65219
65223
65228
65231
65234
65237
65239
65240
65241
65241
65240
65239
65238
65235
65233
65230
65227
65224
65221
65218
65215
65212
65210
65207
65205
65203
65202
65201
65201
65201
65202
65203
65205
65208
65212
65216
65220
65225
65231
65238
65244
65252
65260
65268
65277
65287
65297
65307
65318
65330
65341
65354
65366
65379
65391
65404
65417
65430
65443
65456
65469
65481
65493
65505
65516
65527
0
10
18
26
32
38
42
46
48
49
50
49
47
44
40
36
31
25
18
12
5
65534
65527
65520
65514
65508
65503
65498
65494
65492
65490
65490
65491
65493
65497
65502
65508
65516
65525
65535
11
23
37
52
67
83
99
116
133
150
166
183
199
214
229
243
256
268
280
290
299
307
314
320
326
330
334
337
339
341
342
343
344
345
346
347
349
351
353
355
358
361
365
369
373
378
383
388
393
398
403
407
411
415
418
420
421
421
419
417
413
407
400
392
382
371
358
344
329
312
295
276
256
236
215
194
172
151
129
108
87
67
47
28
10
65529
65513
65498
65485
65472
65461
65450
65441
65433
65425
65419
65413
65408
65404
65399
65396
65392
65389
65385
65382
65378
65374
65369
65365
65359
65354
65347
65341
65334
65326
65318
65310
65302
65293
65285
65277
65268
65261
65253
65247
65240
65234
65230
65225
65222
65220
65219
65219
65220
65222
65225
65228
65233
65239
65245
65253
65261
65269
65278
65288
65297
65308
65318
65328
65339
65349
65360
65370
65380
65389
65399
65408
65417
65425
65434
65442
65449
65457
65464
65471
65477
65484
65490
65496
65503
65509
65515
65521
65527
65533
3
8
14
20
25
30
35
40
44
48
52
55
57
59
60
60
60
59
57
54
51
46
41
35
28
20
12
2
65528
65517
65505
65493
65480
65466
65452
65437
65421
65406
65389
65373
65357
65340
65324
65307
65291
65275
65260
65245
65230
65216
65203
65190
65179
65169
65160
65152
65146
65141
65137
65135
65135
65137
65140
65145
65152
65160
65171
65183
65196
65212
65229
65247
65267
65288
65310
65333
65357
65381
65406
65431
65456
65481
65505
65529
16
38
59
79
98
115
131
145
158
168
177
185
190
194
196
197
196
194
190
186
181
175
169
162
155
148
141
135
129
123
119
115
112
110
109
109
111
113
117
122
128
135
143
151
160
170
179
189
199
209
219
228
237
245
253
259
265
270
274
276
278
278
277
276
273
269
264
258
252
245
237
229
220
212
203
194
185
177
169
161
154
148
142
137
132
128
125
123
122
121
120
121
121
123
124
126
128
130
132
134
135
137
137
138
138
137
135
133
130
126
122
117
111
105
99
91
84
76
68
60
52
45
37
30
24
19
14
10
7
5
5
6
8
12
17
23
31
41
52
64
77
92
107
123
140
158
176
194
212
230
248
266
283
299
314
328
340
352
361
370
376
381
384
385
385
382
378
373
366
357
347
335
323
309
295
280
264
248
232
215
199
183
167
152
137
123
109
96
84
73
62
52
44
35
28
21
15
9
4
65535
65530
65526
65521
65516
65511
65506
65500
65494
65487
65480
65472
65464
65455
65445
65434
65423
65411
65399
65386
65373
65359
65345
65331
65316
65302
65287
65273
65259
65246
65233
65220
65208
65197
65186
65177
65168
65160
65153
65148
65143
65139
65136
65133
65132
65132
65132
65134
65135
65138
65141
65144
65148
65152
65157
65161
65166
65171
65176
65180
65185
65189
65194
65198
65201
65205
65208
65212
65215
65218
65221
65224
65227
65230
65233
65236
65239
65243
65247
65251
65256
65261
65266
65273
65280
65287
65295
65304
65313
65323
65334
65345
65356
65368
65380
65392
65405
65417
65430
65442
65455
65467
65478
65489
65499
65509
65517
65525
65532
1
6
9
11
12
11
10
7
2
65533
65526
65519
65510
65501
65490
65480
65468
65457
65445
65433
65421
65409
65397
65386
65375
65366
65356
65348
65340
65334
65329
65325
65322
65320
65320
65321
65323
65327
65332
65338
65345
65353
65362
65373
65384
65395
65408
65421
65435
65449
65464
65478
65493
65508
65523
1
16
30
44
57
70
82
93
105
115
125
134
143
151
158
165
171
177
182
187
191
195
199
202
206
209
212
215
218
222
225
229
232
236
240
244
248
252
257
261
266
270
275
279
283
286
290
292
295
297
298
298
297
296
293
290
285
280
274
267
259
250
240
230
219
207
195
182
169
156
143
130
117
104
92
80
69
58
48
38
30
22
15
9
3
65535
65530
65527
65524
65522
65520
65518
65517
65515
65514
65512
65510
65508
65505
65502
65498
65493
65488
65482
65475
65468
65460
65451
65442
65432
65422
65411
65400
65389
65377
65366
65355
65344
65334
65324
65315
65306
65299
65293
65287
65283
65280
65278
65278
65278
65280
65283
65287
65293
65299
65306
65314
65324
65333
65344
65355
65366
65378
65390
65402
65415
65427
65439
65450
65462
65473
65483
65493
65503
65511
65520
65527
65534
4
10
15
19
23
26
29
31
32
33
34
33
33
32
31
29
28
25
23
20
18
15
11
8
5
1
65534
65530
65527
65523
65519
65516
65513
65510
65507
65504
65501
65499
65497
65495
65493
65491
65489
65488
65487
65486
65485
65484
65483
65482
65482
65481
65481
65480
65480
65479
65479
65478
65478
65477
65477
65477
65477
65477
65477
65478
65478
65479
65481
65483
65485
65488
65492
65496
65500
65505
65511
65518
65525
65533
5
14
24
34
45
56
67
78
90
101
112
123
134
144
153
162
170
176
182
187
190
193
194
194
193
190
187
182
176
169
161
152
143
133
123
113
103
93
83
74
65
57
49
42
37
32
