0
0
0
0
0
0
0
65535
65535
65535
65535
65535
65535
65535
65535
65535
65535
65534
65534
65534
65534
65534
65534
65534
65534
65533
65533
65533
65533
65533
65533
65532
65532
65532
65532
65531
65531
65531
65531
65530
65530
65530
65530
65530
65530
65530
65530
65530
65530
65530
65530
65530
65530
65530
65530
65530
65530
65530
65530
65530
65530
65530
65530
65530
65530
65530
65530
65530
65530
65530
65530
65530
65530
65530
65530
65530
65530
65530
65530
65529
65529
65529
65529
65529
65529
65529
65529
65529
65529
65528
65528
65528
65528
65528
65528
65527
65527
65527
65527
65527
65527
65526
65526
65526
65526
65526
65526
65526
65526
65526
65526
65526
65526
65526
65526
65526
65526
65526
65526
65526
65526
65526
65526
65526
65526
65526
65526
65527
65527
65527
65527
65527
65527
65527
65527
65527
65527
65527
65527
65527
65527
65527
65527
65528
65528
65528
65528
65528
65528
65528
65528
65528
65528
65528
65528
65528
65528
65528
65528
65528
65528
65528
65528
65528
65528
65529
65529
65529
65529
65529
65529
65529
65529
65530
65530
65530
65530
65530
65530
65530
65530
65530
65530
65531
65531
65531
65531
65531
65531
65531
65531
65531
65531
65531
65531
65531
65531
65531
65531
65531
65531
65531
65531
65530
65530
65530
65530
65530
65530
65530
65530
65530
65530
65530
65530
65530
65530
65530
65530
65530
65530
65530
65530
65530
65530
65530
65530
65530
65530
65530
65530
65530
65530
65531
65531
65531
65531
65531
65531
65532
65532
65532
65532
65533
65533
65533
65533
65534
65534
65534
65534
65535
65535
65535
65535
0
0
0
0
0
0
0
0
1
1
1
1
1
1
1
1
1
1
1
1
1
1
1
1
0
0
0
0
0
0
0
0
0
0
0
0
0
0
0
0
0
0
0
0
1
1
1
1
1
1
1
1
1
1
1
1
1
1
1
1
1
1
1
1
1
1
0
0
0
0
0
0
65535
65535
65535
65535
65534
65534
65534
65534
65533
65533
65533
65533
65533
65533
65532
65532
65532
65532
65532
65532
65531
65531
65531
65531
65531
65531
65531
65531
65531
65531
65531
65531
65531
65531
65531
65531
65531
65531
65531
65531
65531
65531
65531
65531
65532
65532
65532
65532
65532
65532
65532
65532
65532
65532
65532
65532
65532
65532
65532
65532
65532
65532
65532
65532
65532
65532
65532
65532
65532
65532
65532
65532
65532
65532
65532
65532
65533
65533
65533
65533
65533
65533
65533
65533
65533
65533
65533
65533
65533
65533
65533
65533
65533
65533
65533
65533
65534
65534
65534
65534
65534
65534
65534
65534
65534
65534
65534
65534
65534
65534
65534
65534
65534
65534
65534
65534
65534
65534
65534
65534
65534
65534
65534
65534
65535
65535
65535
65535
65535
65535
65535
65535
65535
65535
65535
65535
0
0
0
0
65535
65535
65535
65535
65535
65535
65535
65535
65535
65535
65534
65534
65534
65534
65534
65534
65534
65534
65533
65533
65533
65533
65533
65533
65533
65533
65533
65533
65533
65533
65533
65533
65533
65533
65533
65533
65533
65533
65533
65533
65533
65533
65533
65533
65533
65533
65533
65533
65533
65533
65533
65533
65534
65534
65534
65534
65534
65534
65534
65534
65534
65534
65534
65534
65534
65534
65534
65534
65534
65534
65534
65534
65534
65534
65534
65534
65534
65534
65534
65534
65534
65534
65534
65534
65534
65534
65534
65534
65534
65534
65534
65534
65533
65533
65533
65533
65533
65533
65533
65533
65533
65533
65532
65532
65532
65532
65532
65532
65532
65532
65532
65532
65532
65532
65532
65532
65532
65532
65532
65532
65532
65532
65532
65532
65532
65532
65532
65532
65532
65532
65532
65532
65532
65532
65532
65532
65532
65532
65532
65532
65532
65532
65532
65532
65532
65532
65532
65532
65532
65532
65532
65532
65532
65532
65532
65532
65532
65532
65532
65532
65532
65532
65532
65532
65532
65532
65532
65532
65532
65532
65532
65532
65532
65532
65532
65532
65533
65533
65533
65533
65533
65533
65533
65533
65533
65533
65533
65533
65532
65532
65532
65532
65532
65532
65532
65532
65532
65532
65532
65532
65532
65532
65532
65532
65533
65533
65533
65534
65534
65534
65535
65535
0
0
1
1
1
2
2
2
3
3
3
3
3
3
3
3
3
3
3
3
3
3
3
3
3
3
3
4
4
4
5
6
6
7
8
9
11
12
14
16
18
20
21
23
25
27
29
30
32
34
35
36
37
38
39
40
40
40
39
39
38
36
35
33
30
28
25
22
18
15
11
7
3
65535
65531
65527
65522
65518
65514
65510
65506
65503
65499
65496
65493
65491
65488
65486
65485
65483
65482
65482
65481
65481
65482
65482
65483
65484
65486
65487
65489
65492
65494
65496
65499
65502
65504
65507
65510
65513
65516
65519
65521
65524
65526
65528
65530
65532
65534
65535
0
1
2
3
3
3
3
3
2
2
1
0
65534
65533
65532
65530
65528
65527
65525
65523
65521
65519
65517
65515
65512
65510
65508
65505
65503
65501
65498
65496
65494
65492
65490
65488
65486
65484
65482
65480
65478
65476
65474
65473
65471
65470
65469
65467
65466
65466
65465
65464
65464
65464
65464
65464
65464
65464
65465
65466
65467
65468
65469
65471
65473
65475
65477
65479
65481
65483
65485
65488
65490
65492
65495
65497
65499
65502
65504
65506
65508
65510
65512
65514
65516
65517
65518
65519
65520
65521
65522
65522
65522
65522
65522
65522
65522
65521
65521
65520
65519
65518
65518
65517
65516
65516
65515
65515
65515
65514
65514
65514
65514
65514
65514
65515
65516
65517
65519
65520
65522
65524
65526
65529
65532
65535
2
6
10
14
18
22
26
31
35
40
45
50
54
59
63
67
71
75
78
82
85
87
89
91
92
93
94
94
93
93
92
90
89
87
85
83
80
78
76
73
71
69
67
66
65
64
64
65
66
68
70
73
77
81
86
92
98
106
113
121
130
139
148
157
167
176
186
195
204
212
220
227
234
239
243
247
249
250
250
248
245
241
235
228
220
210
199
187
173
159
144
128
111
93
75
56
37
18
65535
65517
65498
65480
65462
65445
65429
65413
65399
65385
65373
65361
65351
65342
65335
65328
65323
65319
65317
65315
65315
65316
65318
65322
65326
65331
65336
65343
65350
65358
65366
65375
65384
65392
65402
65410
65419
65428
65436
65444
65452
65459
65465
65471
65476
65481
65484
65487
65489
65489
65489
65489
65487
65484
65481
65477
65472
65466
65460
65453
65445
65438
65429
65421
65412
65403
65394
65385
65376
65367
65358
65350
65342
65334
65327
65321
65315
65311
65307
65304
65302
65301
65301
65302
65304
65308
65312
65318
65325
65333
65342
65352
65364
65376
65389
65403
65418
65434
65450
65467
65485
65503
65521
3
22
40
58
76
93
110
126
141
156
169
181
192
202
210
217
222
226
228
229
227
225
220
214
206
196
185
172
158
143
126
108
90
70
50
30
9
65523
65502
65481
65460
65439
65419
65400
65382
65365
65349
65335
65322
65311
65302
65294
65289
65286
65285
65286
65289
65294
65302
65311
65323
65337
65353
65371
65390
65411
65433
65457
65481
65507
65533
23
50
77
104
130
156
181
205
228
249
269
287
303
317
329
339
346
351
354
354
352
347
341
331
320
307
292
274
256
235
214
191
167
142
117
92
66
40
15
65526
65502
65478
65456
65434
65414
65396
65378
65363
65349
65338
65328
65320
65313
65309
65307
65307
65309
65313
65318
65326
65335
65345
65357
65371
65386
65402
65419
65437
65456
65475
65495
65515
65535
19
39
58
77
95
112
128
144
158
170
182
191
200
206
211
214
215
214
212
208
202
194
185
174
162
148
134
118
101
83
65
47
28
9
65526
65508
65489
65471
65454
65438
65423
65408
65395
65383
65373
65364
65357
65351
65347
65345
65344
65346
65348
65352
65358
65365
65374
65384
65395
65408
65421
65436
65451
65468
65484
65502
65520
2
20
39
57
75
94
111
129
146
162
178
193
208
221
233
245
255
265
273
280
285
289
292
294
294
292
289
285
279
271
262
252
240
226
212
196
178
160
141
120
99
77
55
32
9
65521
65498
65475
65452
65430
65408
65387
65367
65349
65331
65315
65301
65288
65277
65268
65260
65255
65252
65250
65251
65253
65258
65265
65273
65283
65295
65308
65323
65338
65355
65373
65392
65412
65432
65452
65472
65492
65512
65531
14
32
48
64
79
92
103
113
122
128
133
136
137
137
135
131
125
118
109
98
86
73
59
43
27
10
65528
65509
65491
65472
65453
65434
65416
65397
65379
65362
65346
65330
65315
65302
65289
65278
65268
65259
65252
65246
65241
65238
65237
65236
65238
65241
65245
65250
65257
65265
65274
65284
65295
65307
65320
65334
65348
65363
65379
65394
65410
65426
65442
65458
65474
65489
65504
65518
65532
9
22
33
44
54
63
70
77
82
87
90
92
92
92
90
88
84
79
74
67
60
52
43
34
25
15
4
65530
65519
65509
65499
65489
65479
65470
65462
65454
65447
65441
65436
65432
65428
65426
65425
65425
65427
65429
65433
65438
65444
65452
65460
65469
65480
65491
65503
65516
65530
8
23
38
53
69
84
100
115
129
143
157
169
181
191
201
209
216
222
227
229
231
230
228
225
219
213
204
194
183
170
156
141
124
107
88
69
49
29
8
65524
65503
65482
65462
65442
65422
65404
65386
65370
65355
65341
65328
65318
65309
65301
65296
65292
65290
65290
65291
65295
65300
65308
65317
65327
65340
65353
65369
65385
65403
65421
65441
65461
65482
65503
65525
11
32
54
76
97
118
138
158
176
194
211
227
242
255
268
279
289
298
305
311
316
320
322
323
322
321
318
314
309
303
296
288
279
270
260
250
240
229
218
207
196
186
175
166
157
148
141
135
129
125
122
121
121
122
125
130
136
144
153
164
176
190
205
221
238
255
274
292
311
330
349
368
385
402
417
431
444
454
463
469
472
473
471
466
458
447
433
415
395
371
345
315
282
247
210
170
128
85
40
65530
65483
65435
65387
65339
65292
65245
65200
65155
65113
65072
65034
64998
64964
64934
64907
64882
64862
64844
64830
64820
64813
64810
64810
64813
64820
64831
64844
64860
64879
64900
64924
64950
64978
65007
65038
65069
65102
65134
65167
65200
65233
65265
65297
65327
65356
65383
65409
65433
65455
65475
65492
65507
65520
65531
2
8
10
10
8
3
65532
65523
65512
65499
65483
65467
65449
65429
65409
65388
65366
65344
65321
65299
65278
65257
65237
65218
65200
65184
65170
65157
65147
65140
65135
65132
65132
65136
65142
65151
65163
65178
65196
65216
65240
65266
65294
65325
65357
65392
65428
65466
65505
9
49
89
130
169
208
247
283
318
352
383
411
437
460
480
497
510
520
526
529
529
525
517
506
492
474
454
430
404
376
346
314
280
245
209
172
135
97
60
23
65523
65488
65454
65422
65391
65362
65335
65310
65288
65268
65250
65236
65223
65214
65207
65203
65201
65202
65205
65211
65219
65229
65242
65256
65272
65289
65308
65328
65349
65371
65394
65417
65441
65465
65488
65511
65534
20
42
62
82
100
117
132
146
159
169
178
185
190
193
195
194
192
188
183
175
166
156
144
132
118
103
88
71
55
38
21
4
65523
65507
65491
65476
65462
65449
65437
65427
65418
65410
65404
65400
65397
65396
65397
65400
65405
65411
65419
65429
65440
65453
65467
65483
65500
65519
2
22
43
65
87
110
132
155
177
199
221
242
262
281
299
317
333
347
361
372
383
391
398
403
407
409
409
407
404
398
392
384
374
363
351
337
323
308
292
275
257
240
222
203
185
167
149
132
115
99
84
70
56
44
33
23
14
7
1
65532
65529
65526
65525
65526
65527
65529
65532
1
6
12
18
25
32
40
48
55
63
70
78
84
91
97
102
106
110
113
116
117
118
118
117
115
113
110
106
102
97
92
86
80
73
66
59
52
45
38
30
23
15
8
1
65529
65522
65515
65507
65500
65492
65484
65476
65468
65460
65451
65443
65434
65424
65414
65404
65393
65382
65371
65359
65346
65334
65321
65308
65294
65280
65267
65253
65240
65227
65214
65202
65190
65179
65169
65159
65150
65143
65136
65131
65127
65124
65122
65122
65123
65126
65130
65136
65143
65151
65161
65171
65183
65197
65211
65226
65242
65259
65276
65293
65311
65329
65348
65366
65384
65401
65419
65436
65452
65467
65482
65496
65509
65520
65531
5
13
21
27
32
36
39
41
41
41
40
37
34
30
25
19
13
6
65535
65527
65519
65511
65503
65494
65485
65477
65469
65460
65453
65445
65439
65432
65427
65422
65418
65414
65412
65410
65409
65410
65411
65413
65416
65420
65425
65431
65437
65445
65453
65462
65471
65481
65491
65502
65513
65524
65535
10
21
32
42
52
62
71
79
86
93
98
103
107
109
111
111
111
110
108
104
101
96
90
84
77
70
63
55
47
38
30
22
14
6
65534
65527
65520
65514
65509
65504
65500
65496
65494
65492
65490
65490
65490
65491
65493
65495
65498
65502
65506
65510
65515
65520
65526
65532
2
8
13
19
25
31
36
42
46
50
54
57
60
62
63
64
64
64
62
60
58
54
50
45
40
34
27
20
13
5
65533
65524
65516
65507
65498
65489
65480
65472
65463
65455
65447
65439
65432
65425
65418
65412
65407
65402
65397
65393
65390
65387
65385
65384
65383
65382
65382
65383
65384
65386
65389
65391
65395
65399
65403
65408
65413
65419
65425
65432
65439
65446
65454
65463
65472
65482
65492
65502
65513
65524
0
13
26
39
53
67
82
97
112
128
144
160
176
193
209
226
243
259
275
292
307
323
338
352
366
379
392
404
415
425
434
442
450
456
461
465
469
471
472
471
470
468
464
460
455
448
441
432
423
413
402
391
378
366
352
338
324
309
294
278
262
246
229
213
196
178
161
144
127
109
92
74
56
38
21
3
65521
65503
65485
65468
65450
65432
65415
65398
65381
65365
65349
65334
65319
65305
65292
65279
65268
65257
65248
65239
65232
65227
65223
65220
65220
65220
65223
65227
65233
65241
65251
65262
65275
65290
65306
65323
65342
65362
65383
65405
65427
65450
65473
65496
65519
5
26
47
66
84
101
115
128
138
147
152
156
156
154
150
142
133
120
106
89
70
49
26
1
65512
65485
65457
65429
65400
65372
65344
65316
65289
65263
65239
65216
65195
65176
65160
65146
65134
65126
65120
65117
65117
65120
65127
65136
65148
65163
65181
65201
65224
65249
65277
65306
65337
65369
65402
65437
65472
65507
6
42
76
110
143
175
205
233
260
284
306
325
341
355
365
373
377
379
377
372
364
353
339
323
303
281
257
231
202
172
141
108
74
40
5
65507
65472
65438
65405
65373
65342
65312
65284
65259
65235
65213
65194
65178
65164
65153
65144
65138
65135
65134
65136
65141
65148
65158
65170
65183
65199
65216
65234
65254
65275
65296
65318
65340
65361
65383
65404
65425
65444
65462
65479
65495
65508
65520
65530
2
8
12
13
12
9
4
65532
65523
65511
65497
65482
65465
65446
65426
65405
65384
65361
65338
65314
65291
65267
65244
65222
65200
65179
65160
65141
65125
65110
65096
65085
65076
65070
65065
65063
65064
65067
65072
65079
65089
65102
65116
65133
65151
65172
65194
65218
65244
65271
65298
65327
65356
65385
65415
65444
65474
65503
65532
23
50
76
100
123
144
164
182
198
212
225
235
243
250
254
257
257
256
254
249
243
236
228
218
208
196
184
172
158
145
131
118
105
91
79
67
55
45
35
27
19
13
8
4
2
2
2
5
9
14
21
29
39
50
62
75
89
105
121
139
156
175
193
212
231
250
269
287
305
321
338
353
367
379
391
401
409
416
421
425
427
427
425
422
417
411
403
393
382
370
357
342
327
311
295
278
261
245
228
211
195
179
164
149
136
123
112
101
92
84
78
72
68
66
64
64
65
67
71
75
80
85
92
99
106
114
123
131
139
147
155
163
170
177
183
188
193
196
199
200
200
200
198
195
191
186
180
172
164
155
145
134
122
110
97
83
69
55
41
27
13
65535
65522
65509
65497
65485
65475
65465
65456
65449
65442
65437
65434
65432
65431
65432
65434
65438
65443
65449
65457
65467
65477
65489
65502
65516
65531
11
27
44
61
79
97
115
133
150
167
184
199
215
229
243
255
266
276
285
293
299
304
307
309
310
309
306
303
297
290
282
273
262
250
237
223
207
191
174
155
136
116
95
74
52
29
7
65519
65496
65472
65448
65423
65399
65374
65350
65326
65301
65278
65254
65231
65209
65187
65165
65144
65124
65104
65086
65068
65052
65036
65022
65008
64996
64985
64976
64968
64961
64956
64952
64950
64949
64949
64951
64955
64960
64966
64973
64982
64993
65004
65017
65030
65045
65061
65077
65094
65112
65130
65149
65168
65187
65206
65225
65244
65263
65281
65300
65317
65334
65351
65366
65381
65396
65409
65421
65432
65442
65451
65459
65466
65472
65477
65481
65483
65485
65486
65486
65485
65482
65479
65476
65471
65465
65459
65452
65445
65437
65428
65420
65410
65401
65391
65381
65370
65360
65350
65339
65329
65319
65309
65300
65290
65282
65274
65266
65259
65253
65247
65243
65239
65236
65235
65234
65234
65236
65239
65242
65247
65253
65260
65268
65278
65288
65299
65311
65324
65337
65351
65366
65381
65396
65412
65427
65443
65459
65474
65489
65504
65518
65531
8
20
31
42
51
60
67
74
80
84
88
91
93
94
94
94
93
92
91
89
87
85
83
81
79
77
76
75
75
75
76
78
81
84
88
94
99
106
114
122
131
140
150
161
172
184
195
208
220
232
244
256
268
279
290
300
309
318
325
332
337
342
345
347
348
348
345
342
337
330
322
313
302
290
277
262
246
229
212
193
173
153
133
111
90
68
47
25
4
65519
65499
65480
65461
65443
65426
65411
65397
65384
65373
65363
65355
65349
65345
65342
65342
65343
65346
65351
65358
65367
65378
65390
65405
65421
65438
65457
65477
65499
65522
10
34
60
86
112
139
166
193
219
246
272
297
322
346
369
391
411
430
448
465
479
492
504
514
522
528
532
535
536
535
532
528
522
515
506
496
485
472
459
444
429
413
396
378
361
343
325
306
288
270
252
235
218
201
185
169
154
139
124
110
97
84
72
60
48
37
26
15
4
65529
65518
65508
65497
65486
65474
65463
65451
65439
65427
65414
65401
65387
65373
65359
65345
65330
65315
65300
65285
65269
65254
65239
65225
65210
65196
65182
65169
65156
65144
65132
65121
65111
65101
65093
65085
65078
65072
65067
65063
65059
65057
65055
65055
65055
65055
65057
65059
65062
65066
65071
65076
65082
65088
65095
65103
65111
65120
65129
65139
65150
65161
65173
65186
65199
65212
65226
65241
65256
65271
65287
65303
65319
65335
65352
65369
65385
65402
65418
65434
65450
65465
65480
65494
65508
65520
65532
7
17
25
33
39
44
48
51
53
54
54
52
50
46
42
37
32
26
20
14
8
1
65531
65525
65520
65515
65510
65506
65504
65502
65501
65500
65501
65503
65506
65510
65514
65520
65526
65534
6
15
24
34
44
55
65
76
87
97
108
118
128
137
146
155
163
170
176
182
187
192
196
200
203
205
207
209
210
211
212
213
214
215
216
217
218
220
222
224
226
229
233
237
241
245
250
255
260
265
270
275
281
286
291
296
300
304
307
310
312
313
314
314
313
311
308
305
300
295
288
281
273
264
254
244
233
222
209
197
184
170
157
143
129
116
102
88
75
62
49
36
24
13
1
65527
65517
65507
65498
65489
65481
65474
65467
65461
65456
65451
65446
65443
65439
65437
65435
65433
65432
65431
65431
65431
65431
65432
65433
65434
65436
65438
65440
65442
65444
65446
65448
65450
65452
65454
65455
65456
65457
65457
65457
65457
65456
65454
65452
65449
65445
65441
65436
65431
65425
65418
65411
65404
65395
65386
65377
65367
65357
65347
65337
65326
65315
65305
65295
65284
65275
65265
65256
65248
65240
65233
65226
65220
65215
65211
65208
65205
65203
65203
65203
65204
65206
65208
65212
65216
65221
65227
65234
65241
65249
65257
65265
65274
65284
65293
65303
65314
65324
65335
65346
65357
65368
65380
65391
65402
65414
65425
65436
65447
65458
65468
65479
65489
65498
65508
65517
65526
65534
6
13
20
26
32
37
42
46
49
52
54
55
56
57
57
56
55
53
51
49
46
44
41
38
34
31
28
25
22
20
18
16
15
14
14
14
15
16
18
21
24
27
31
35
39
44
49
54
59
65
70
76
82
87
92
97
101
105
109
112
115
117
118
119
119
119
118
117
115
112
109
105
101
96
91
86
80
74
68
61
55
48
41
35
29
22
17
11
6
1
65533
65529
65526
65523
65521
65519
65519
65519
65520
65522
65524
65528
65532
1
7
14
22
30
39
48
59
69
81
92
104
116
127
139
151
162
174
185
195
205
214
222
229
236
241
246
249
252
253
254
253
252
249
246
242
237
231
224
217
210
202
194
186
178
170
162
154
146
139
131
124
118
112
106
101
96
91
87
83
79
74
70
66
61
57
52
46
40
34
26
19
10
1
65527
65517
65506
65495
65483
65470
65457
65444
65431
65418
65405
65392
65379
65367
65356
65345
65335
65327
65319
65313
65308
65305
65304
65304
65305
65309
65314
65320
65329
65339
65350
65363
65377
65393
65409
65427
65445
65464
65483
65503
65522
6
25
44
62
79
96
111
126
139
150
160
169
176
182
186
189
190
190
188
184
180
174
167
158
149
139
128
117
104
92
78
65
51
37
24
10
65532
65518
65504
65491
65478
65465
65453
65441
65429
65418
65407
65397
65387
65377
65368
65359
65351
65343
65335
65328
65322
65316
65310
65306
65301
65297
65294
65291
65289
65288
65287
65286
65287
65287
65289
65291
65293
65296
65300
65304
65309
65314
65319
65325
65332
65338
65345
65352
65360
65367
65374
65382
65389
65397
65404
65411
65418
65425
65431
65437
65443
65449
65454
65458
65463
65467
65471
65475
65478
65481
65484
65487
65490
65492
65495
65497
65500
65503
65506
65509
65512
65515
65519
65523
65528
65532
1
7
13
19
25
32
38
45
52
59
66
73
80
86
92
98
104
108
113
117
120
122
124
124
124
123
121
118
114
108
102
95
87
78
68
57
45
33
20
6
65529
65514
65500
65485
65470
65455
65441
65427
65413
65399
65386
65374
65363
65353
65344
65335
65329
65323
65318
65315
65313
65313
65313
65315
65319
65324
65330
65337
65345
65355
65365
65376
65389
65402
65415
65429
65444
65458
65473
65488
65503
65518
65532
10
23
36
48
60
70
80
89
97
104
111
116
120
124
126
128
129
129
128
127
125
123
120
117
113
109
105
102
98
94
90
86
82
78
74
71
68
65
62
60
58
56
54
53
52
52
51
51
51
51
52
53
54
55
56
58
60
62
64
66
69
72
74
77
81
84
87
91
94
98
101
105
109
112
115
119
122
125
128
130
133
135
137
138
140
141
141
142
142
142
141
140
139
138
137
135
133
131
129
