11
11
11
11
12
12
12
12
13
13
13
13
13
13
13
13
14
14
14
14
14
14
14
14
14
14
14
14
14
14
14
14
14
14
14
14
14
14
14
14
13
13
13
13
13
13
13
13
13
13
12
12
12
12
12
12
12
12
11
11
11
11
11
11
10
10
10
10
9
9
9
9
8
8
8
8
8
8
7
7
7
7
7
7
7
7
7
7
7
7
7
7
8
8
8
8
8
8
8
8
8
8
8
8
9
9
9
9
9
9
9
9
9
9
9
9
8
8
8
8
8
8
8
8
8
8
8
8
8
8
8
8
8
8
8
8
8
8
9
9
9
9
9
9
9
9
10
10
10
10
10
10
10
10
10
10
11
11
11
11
11
11
11
11
11
11
11
11
10
10
10
10
10
10
10
10
10
10
10
10
9
9
9
9
9
9
9
9
9
9
8
8
8
8
8
8
8
8
7
7
7
7
7
7
7
7
6
6
6
6
6
6
6
6
6
6
6
6
6
6
6
6
6
6
6
6
7
7
7
7
7
7
8
8
8
8
8
8
9
9
9
9
9
9
10
10
10
10
11
11
11
11
11
11
11
11
12
12
12
12
11
11
11
11
11
11
11
11
10
10
10
10
9
9
9
9
8
8
8
8
8
8
7
7
7
7
7
7
7
7
7
7
7
7
7
7
7
7
7
7
7
7
7
7
7
7
7
7
7
7
7
7
6
6
6
6
6
6
6
6
6
6
6
6
5
5
5
5
5
5
5
5
5
5
4
4
4
4
4
4
4
4
3
3
3
3
3
3
3
3
3
3
2
2
2
2
2
2
2
2
2
2
2
2
2
2
2
2
2
2
2
2
2
2
2
2
2
2
2
2
3
3
3
3
3
3
3
3
3
3
3
3
3
3
3
3
3
3
3
3
3
3
3
3
3
3
3
3
3
3
3
3
3
3
3
3
3
3
3
3
4
4
4
4
4
4
4
4
4
4
4
4
4
4
4
4
4
4
4
4
4
4
4
4
4
4
4
4
4
4
4
4
4
4
4
4
5
5
5
5
6
6
6
6
6
6
7
7
7
7
7
7
7
7
7
7
8
8
8
8
7
7
7
7
7
7
7
7
6
6
6
6
6
6
6
6
6
6
6
6
6
6
6
6
7
7
7
7
8
8
8
9
9
9
10
10
10
11
11
11
11
11
11
11
11
11
11
10
10
10
9
9
8
7
7
6
5
4
3
2
0
65535
65534
65532
65531
65530
65528
65527
65526
65524
65523
65521
65520
65518
65517
65516
65514
65513
65512
65511
65510
65509
65509
65508
65508
65507
65507
65507
65507
65507
65507
65507
65507
65507
65507
65508
65508
65509
65509
65510
65511
65512
65513
65514
65515
65516
65518
65519
65520
65521
65522
65523
65524
65525
65526
65527
65528
65529
65530
65531
65532
65533
65533
65534
65535
0
0
1
2
2
3
3
4
4
5
5
6
6
7
7
7
7
7
7
7
7
7
7
7
7
7
6
6
5
5
4
3
2
1
0
65534
65533
65532
65530
65528
65527
65525
65523
65522
65520
65518
65516
65515
65513
65511
65509
65508
65506
65504
65503
65501
65500
65498
65497
65496
65495
65494
65493
65492
65491
65491
65490
65489
65489
65488
65488
65487
65487
65486
65486
65485
65484
65484
65483
65482
65481
65481
65480
65479
65478
65477
65476
65475
65474
65472
65471
65470
65469
65467
65466
65465
65464
65462
65461
65460
65460
65459
65458
65458
65457
65457
65457
65457
65457
65458
65459
65460
65461
65462
65463
65465
65467
65469
65471
65473
65476
65479
65481
65484
65488
65491
65494
65498
65502
65506
65510
65514
65518
65523
65527
65532
1
5
10
15
20
24
29
34
39
45
50
55
60
65
70
75
80
84
89
94
98
103
107
111
115
119
122
126
129
132
134
137
139
141
143
144
146
147
147
147
147
147
146
145
144
143
142
140
138
136
134
131
129
127
125
122
120
118
116
114
113
112
111
110
110
110
110
111
111
112
114
116
118
120
123
125
128
131
134
137
140
143
146
149
152
154
156
158
160
160
161
161
161
160
158
156
154
151
147
142
137
131
125
119
111
104
95
87
77
68
58
47
36
25
14
2
65526
65514
65501
65489
65476
65463
65450
65437
65424
65410
65397
65384
65371
65358
65345
65333
65320
65308
65296
65285
65273
65263
65252
65242
65232
65223
65215
65207
65200
65193
65188
65183
65179
65175
65173
65172
65171
65171
65172
65175
65178
65182
65186
65192
65198
65206
65214
65222
65232
65242
65253
65264
65276
65288
65301
65314
65327
65341
65355
65369
65383
65396
65410
65424
65438
65451
65464
65477
65489
65502
65514
65525
0
11
21
31
40
49
57
64
72
78
84
90
95
100
104
108
111
114
117
119
120
121
122
122
122
122
121
120
119
117
116
114
111
109
107
104
101
99
96
93
90
88
85
83
80
78
76
74
72
70
69
67
66
65
64
64
63
62
62
62
61
61
61
60
60
60
59
58
57
56
55
53
51
49
47
44
40
37
32
28
23
17
12
5
65535
65528
65521
65514
65506
65498
65489
65480
65471
65462
65453
65444
65435
65426
65417
65408
65400
65391
65383
65375
65367
65360
65353
65347
65342
65337
65333
65329
65326
65324
65322
65322
65322
65322
65324
65327
65330
65335
65340
65346
65353
65361
65369
65379
65389
65400
65412
65424
65437
65451
65466
65480
65496
65511
65527
8
25
42
59
76
93
110
127
144
160
176
191
206
221
235
248
260
272
282
292
301
308
315
321
325
328
331
332
332
331
329
325
321
315
309
302
293
284
274
263
251
239
226
213
199
185
170
156
141
126
111
96
81
66
52
38
24
11
65534
65521
65509
65498
65487
65477
65468
65459
65451
65444
65438
65432
65427
65423
65419
65416
65414
65413
65412
65412
65412
65413
65414
65416
65418
65421
65424
65427
65431
65435
65439
65443
65447
65451
65455
65459
65463
65467
65471
65474
65477
65480
65483
65485
65487
65489
65490
65490
65491
65491
65490
65489
65488
65486
65484
65481
65479
65475
65472
65468
65464
65459
65455
65450
65445
65440
65435
65430
65425
65421
65416
65412
65408
65405
65402
65399
65397
65396
65395
65396
65396
65398
65400
65404
65408
65412
65418
65425
65432
65441
65450
65460
65471
65483
65495
65508
65521
65535
14
29
44
59
74
89
104
119
134
148
162
175
187
199
209
219
228
235
242
247
252
255
256
257
256
254
251
246
241
234
225
216
206
194
182
169
155
140
124
107
90
73
54
36
17
65534
65515
65496
65477
65457
65438
65419
65400
65382
65363
65346
65329
65312
65296
65280
65266
65252
65239
65227
65216
65206
65197
65189
65182
65176
65172
65169
65167
65166
65167
65169
65172
65177
65183
65190
65199
65208
65219
65231
65244
65258
65272
65288
65304
65321
65338
65356
65375
65393
65412
65431
65449
65468
65486
65504
65522
3
19
35
50
64
77
90
101
112
121
129
136
143
148
151
154
156
156
156
155
152
149
144
139
133
126
119
111
102
93
83
73
63
52
42
31
20
9
65534
65524
65513
65503
65493
65483
65474
65465
65457
65450
65442
65436
65430
65425
65421
65417
65414
65412
65411
65411
65411
65413
65415
65417
65421
65425
65430
65435
65441
65448
65455
65462
65470
65478
65487
65495
65504
65513
65522
65530
2
11
18
26
33
39
45
50
55
59
62
65
66
67
67
66
64
62
59
55
51
46
40
34
27
19
12
4
65531
65523
65514
65505
65496
65487
65479
65470
65461
65453
65445
65438
65430
65424
65418
65412
65407
65402
65398
65395
65393
65391
65390
65389
65389
65390
65392
65395
65398
65401
65405
65410
65416
65422
65428
65435
65443
65451
65460
65469
65478
65488
65498
65508
65519
65529
3
14
24
34
44
54
64
73
82
90
98
105
112
118
123
127
131
134
136
137
137
137
135
132
129
125
120
114
107
100
92
83
74
64
54
43
32
21
9
65534
65522
65510
65499
65488
65477
65467
65457
65447
65438
65429
65422
65414
65408
65402
65397
65393
65390
65388
65386
65386
65386
65387
65389
65391
65395
65399
65404
65410
65416
65423
65430
65438
65447
65456
65466
65476
65486
65497
65508
65520
65531
7
19
31
43
54
66
78
89
100
111
122
132
141
150
159
167
174
181
187
193
197
201
204
206
208
208
208
207
205
202
199
195
190
185
179
173
166
159
152
145
138
131
124
117
110
104
99
94
89
85
82
80
79
78
79
80
82
85
89
94
99
105
112
119
127
135
144
153
161
170
179
187
195
203
210
216
222
226
230
232
234
234
233
231
227
222
216
208
199
188
176
163
148
132
115
96
77
56
35
12
65525
65501
65476
65450
65424
65397
65370
65343
65315
65287
65259
65232
65204
65176
65149
65123
65097
65071
65046
65022
64999
64977
64955
64935
64916
64898
64882
64867
64854
64842
64832
64824
64818
64813
64810
64810
64811
64814
64820
64827
64836
64848
64861
64876
64894
64913
64934
64956
64981
65006
65033
65062
65091
65122
65153
65186
65219
65252
65287
65321
65355
65390
65424
65458
65491
65524
20
51
81
110
137
164
189
212
234
255
274
291
307
321
333
343
352
359
365
368
370
371
369
367
362
356
349
340
330
319
307
294
279
264
248
231
213
195
176
157
137
117
97
77
57
37
17
65533
65514
65494
65476
65458
65440
65423
65407
65392
65378
65364
65352
65340
65330
65320
65312
65304
65298
65293
65289
65286
65283
65282
65282
65283
65284
65286
65289
65293
65297
65302
65307
65313
65318
65325
65331
65337
65343
65349
65355
65361
65366
65371
65376
65380
65384
65387
65390
65393
65395
65396
65397
65397
65397
65396
65395
65393
65391
65389
65386
65383
65380
65377
65374
65371
65367
65364
65361
65359
65357
65355
65353
65353
65352
65352
65353
65355
65357
65360
65363
65368
65373
65379
65386
65394
65402
65411
65422
65432
65444
65457
65470
65484
65499
65514
65530
11
28
45
63
81
100
118
137
156
175
194
213
231
249
267
285
301
318
334
349
363
376
389
400
410
419
428
434
440
445
448
450
451
450
448
445
441
435
429
421
412
402
392
380
368
355
342
328
314
299
284
269
254
239
224
209
195
180
166
153
139
127
115
103
92
82
72
63
54
47
40
33
27
22
18
15
12
9
8
7
6
6
7
8
9
11
14
17
21
24
29
33
38
42
47
52
57
62
67
72
77
82
86
90
94
97
100
102
104
105
105
105
104
103
101
98
94
90
86
81
75
69
62
55
48
40
32
25
17
10
2
65531
65525
65519
65513
65508
65504
65500
65498
65496
65494
65494
65495
65496
65499
65502
65506
65511
65516
65522
65529
0
7
15
23
31
39
47
54
62
69
75
81
86
91
95
97
99
100
100
98
96
92
87
81
74
66
56
46
34
22
9
65530
65515
65498
65481
65463
65445
65426
65406
65386
65366
65345
65324
65303
65282
65260
65239
65218
65197
65176
65155
65135
65115
65096
65077
65060
65042
65026
65010
64996
64982
64969
64958
64948
64939
64931
64925
64920
64916
64914
64913
64914
64917
64921
64926
64933
64942
64951
64963
64975
64989
65004
65021
65038
65057
65077
65098
65119
65141
65164
65188
65211
65235
65260
65284
65309
65334
65358
65383
65407
65430
65454
65476
65498
65520
5
25
44
63
80
97
113
128
142
155
167
178
188
197
205
212
219
224
229
232
235
237
237
237
237
235
232
229
225
220
215
209
202
195
188
180
172
163
154
145
135
125
116
106
97
87
77
68
59
50
41
33
25
17
10
3
65533
65528
65522
65518
65514
65510
65507
65504
65502
65500
65498
65497
65496
65495
65494
65494
65494
65494
65494
65494
65494
65494
65494
65493
65492
65492
65491
65490
65488
65487
65485
65483
65480
65477
65474
65471
65468
65465
65462
65458
65455
65452
65448
65445
65442
65439
65437
65434
65432
65431
65429
65429
65428
65429
65430
65431
65433
65436
65440
65444
65449
65455
65461
65468
65476
65484
65493
65503
65513
65525
0
13
26
40
54
69
84
100
116
132
149
166
183
200
217
234
250
267
283
299
314
329
343
357
369
381
392
402
410
418
424
428
432
434
434
433
431
427
422
415
407
397
386
374
360
346
330
313
295
276
256
236
215
193
171
149
126
104
81
59
36
14
65529
65508
65487
65467
65447
65428
65410
65393
65376
65360
65345
65331
65318
65306
65294
65284
65275
65266
65258
65252
65246
65241
65237
65233
65231
65229
65228
65228
65229
65231
65233
65236
65240
65244
65249
65255
65261
65268
65275
65283
65291
65300
65309
65319
65328
65338
65348
65358
65368
65379
65389
65399
65409
65419
65429
65438
65448
65457
65465
65474
65481
65489
65496
65502
65508
65514
65519
65523
65527
65531
65534
1
3
5
7
8
9
10
11
12
12
12
12
13
13
13
13
13
14
14
15
15
16
17
18
19
20
21
22
24
25
27
28
30
31
33
35
36
38
39
40
42
43
44
45
46
47
48
49
49
50
50
50
50
50
50
50
50
49
49
49
48
48
47
46
45
45
44
43
41
40
39
38
36
35
34
33
32
31
30
29
29
28
28
27
27
27
27
28
28
29
30
31
33
34
36
38
40
43
45
48
51
54
57
60
64
67
70
72
75
78
80
82
84
85
86
87
87
86
85
84
82
79
76
72
68
64
59
53
47
41
34
26
19
11
3
65531
65522
65514
65505
65497
65488
65480
65472
65464
65456
65448
65440
65433
65426
65419
65412
65406
65400
65395
65390
65385
65380
65375
65371
65367
65363
65360
65356
65353
65350
65347
65344
65341
65338
65335
65333
65330
65327
65325
65322
65319
65317
65314
65311
65309
65306
65304
65302
65299
65297
65295
65293
65291
65289
65288
65286
65285
65283
65282
65281
65280
65279
65278
65277
65276
65275
65274
65273
65272
65272
65271
65270
65269
65268
65267
65265
65264
65263
65261
65259
65257
65255
65253
65251
65249
65247
65245
65242
65240
65238
65236
65234
65233
65231
65230
65229
65228
65228
65228
65229
65230
65232
65234
65237
65240
65244
65249
65254
65260
65267
65274
65282
65291
65300
65310
65321
65333
65345
65358
65371
65384
65399
65413
65428
65444
65460
65476
65492
65509
65525
6
23
40
56
73
89
105
120
136
151
165
179
193
206
218
230
241
252
262
271
279
287
294
300
305
309
313
316
318
320
320
320
319
317
315
312
309
305
300
295
289
283
276
268
261
252
244
235
227
218
208
199
190
181
171
162
153
144
135
126
117
109
101
93
86
79
72
66
59
54
48
43
38
34
30
26
23
20
17
14
12
9
8
6
4
3
2
1
0
65535
65534
65533
65533
65533
65533
65533
65534
65534
65535
0
2
3
5
8
10
13
17
20
25
29
35
40
46
53
60
67
75
83
91
100
108
117
126
136
145
154
163
172
181
190
199
207
215
223
230
236
242
247
252
256
260
263
266
268
269
270
270
270
269
267
265
263
260
257
253
250
246
241
237
232
227
221
216
210
204
198
191
184
178
171
163
156
148
141
132
124
115
106
97
87
78
68
58
48
37
26
15
4
65528
65517
65505
65494
65482
65471
65459
65447
65436
65424
65413
65402
65392
65381
65371
65362
65352
65343
65335
65326
65318
65311
65304
65297
65291
65285
65280
65274
65270
65265
65261
65257
65254
65251
65248
65245
65242
65239
65237
65234
65232
65230
65227
65225
65222
65220
65218
65215
65212
65210
65207
65204
65201
65198
65195
65191
65188
65185
65182
65179
65176
65174
65171
65169
65166
65165
65163
65162
65161
65160
65160
65160
65161
65162
65164
65166
65169
65172
65176
65180
65185
65190
65196
65202
65209
65217
65224
65233
65241
65250
65260
65269
65279
65289
65299
65309
65320
65330
65341
65351
65362
65372
65383
65393
65403
65413
65423
65433
65442
65451
65460
65469
65478
65486
65495
65503
65511
65519
65527
65534
5
13
20
27
34
40
47
54
60
66
73
79
85
91
97
102
108
113
118
123
128
133
138
142
146
150
154
158
161
165
168
171
174
176
179
182
184
186
189
191
194
196
198
201
203
206
209
212
215
218
221
224
228
232
236
240
245
249
254
259
264
269
274
279
284
289
294
299
304
308
313
317
321
324
327
330
332
335
336
338
339
339
340
339
339
338
336
334
332
329
326
322
319
315
311
307
302
298
293
288
283
277
272
267
261
256
250
245
239
233
228
222
216
210
204
198
191
185
178
171
163
156
148
140
131
122
113
104
95
85
75
65
55
45
35
25
15
5
65531
65522
65512
65503
65495
65486
65479
65471
65464
65458
65452
65447
65442
65438
65435
65432
65430
65428
65426
65425
65425
65424
65424
65424
65425
65425
65426
65427
65427
65427
65428
65427
65427
65426
65425
65423
65421
65419
65416
65412
65409
65404
65400
65395
65389
65383
65377
65371
65364
65358
65351
65344
65337
65331
65325
65318
65313
65307
65302
65297
65293
65288
65285
65281
65278
65276
65274
65272
65271
65270
65269
65269
65269
65269
65269
65268
65268
65268
65268
65268
65268
65268
65267
65267
65266
65265
65264
65262
65261
65260
65258
65257
65255
65253
65252
65251
65250
65249
65249
65249
65249
65250
65251
65253
65256
65259
65262
65266
65271
65276
65282
65289
65295
65303
65310
65319
65327
65336
65344
65353
65362
65372
65381
65390
65399
65408
65417
65426
65435
65443
65451
65458
65465
65472
65478
65485
65490
65496
65501
65506
65510
65514
65518
65521
65524
65527
65530
65532
65534
0
1
2
3
4
5
5
5
5
4
4
3
2
0
65535
65533
65531
65528
65526
65523
65520
65517
65513
65510
65507
65503
65500
65497
65494
65491
65488
65486
65484
65483
65482
65481
65481
65482
65483
65485
65487
65490
65493
65497
65502
65508
65514
65521
65528
0
8
17
27
36
46
57
67
78
88
99
110
121
131
142
152
163
172
182
191
200
209
217
225
233
240
247
254
260
266
271
277
281
285
289
293
296
299
301
303
305
306
306
307
306
305
304
302
300
297
293
289
284
279
273
267
260
252
245
236
228
218
209
199
188
178
168
157
147
136
126
116
105
96
86
77
68
60
53
46
39
34
29
24
20
17
14
12
10
9
8
8
8
9
10
11
13
15
17
18
20
22
24
26
27
29
30
31
31
32
32
32
32
31
30
29
27
26
23
21
18
15
12
8
5
0
65532
65527
65522
65517
65512
65506
65501
65495
65488
65482
65475
65468
65461
65454
65447
65440
65433
65425
65418
65411
65404
65397
65391
65384
65378
65372
65366
65361
65356
65352
65348
65345
65342
65340
65339
65338
65338
65338
65340
65341
65343
65346
65349
65353
65357
65362
65367
65372
65378
65384
65391
65397
65404
65410
65417
65424
65431
65437
65444
65451
65457
65464
65470
65476
65483
65489
65495
65502
65508
65514
65520
65527
65533
3
10
16
22
29
35
41
48
54
60
66
72
78
83
88
93
98
102
106
109
112
114
115
117
117
117
116
114
112
109
106
102
98
92
87
81
74
67
60
53
45
37
29
21
14
6
65534
65526
65519
65512
65505
65498
65492
65486
65480
65475
65470
65465
65460
65456
65452
65448
65445
65441
65438
65435
65433
65430
65428
65426
65424
65422
65420
65419
65417
65416
65415
65413
65412
65412
65411
65410
65410
65409
65409
65409
65409
65409
65410
65411
65412
65413
65414
65415
65416
65418
65419
65421
65422
65423
65425
65426
65427
65428
65429
65430
65431
65432
65432
65432
65432
65432
65431
65430
65429
65428
65427
65426
65425
65424
65422
65421
65420
65420
65419
65419
65419
65419
65420
65421
65422
65424
65427
65430
65433
65437
65441
65446
65451
65457
65463
65469
65476
65483
65490
65498
65506
65513
65521
65528
0
7
14
20
27
33
38
44
49
53
57
60
63
65
67
69
70
70
71
71
71
70
70
69
68
67
67
66
65
65
65
64
64
65
65
66
67
68
69
71
73
75
77
79
81
83
85
87
89
91
93
94
95
96
97
98
98
98
98
97
96
95
94
92
90
89
87
86
84
82
81
80
78
77
76
76
75
75
76
76
77
79
80
82
84
87
90
92
95
98
102
105
108
111
115
118
121
123
126
128
130
132
133
134
135
135
135
135
134
133
131
130
128
125
123
120
117
114
110
106
102
98
93
88
84
79
74
69
63
58
52
46
40
34
28
21
14
7
0
65529
65521
65514
65506
65498
65490
65482
65473
65465
65457
65448
65440
65432
65424
65416
65408
65401
65394
65387
65380
65374
65367
65362
65356
65351
65347
65342
65339
65335
65332
65330
65327
65325
65323
65322
65321
65319
65318
65318
65317
65316
65315
65315
65314
65313
65313
65312
65311
65310
65308
65307
65306
65304
65302
65300
65299
65297
65295
65293
65291
65290
65288
65287
65286
65285
65284
65284
65283
65284
65285
65286
65288
65290
65292
65296
65299
65304
65308
65313
65319
65325
65331
65338
65346
65353
65362
65370
65379
65387
65396
65405
65414
65423
65432
65441
65449
65458
65466
65474
65482
65490
65497
65505
65512
65518
65525
65531
1
7
13
19
24
29
34
39
44
49
53
58
62
66
70
74
78
81
85
88
91
94
97
99
101
103
104
104
105
104
104
103
101
99
96
93
90
85
81
76
70
65
59
53
47
41
34
28
22
16
10
5
0
65531
65527
65523
65520
65518
65516
65514
65513
65513
65514
65515
65516
65518
65521
65524
65527
65530
65534
2
6
10
14
18
22
26
30
34
37
40
43
46
48
50
52
54
55
57
58
59
61
62
64
65
67
69
71
73
76
79
81
84
87
90
94
97
100
103
107
110
113
115
117
119
121
121
122
121
120
119
117
114
111
107
103
98
93
88
82
77
71
66
60
55
50
45
41
38
35
33
31
30
30
30
32
34
37
40
44
49
54
59
65
71
77
82
88
94
99
104
109
113
116
118
120
120
120
119
118
115
111
107
101
95
89
82
74
65
57
47
38
28
19
9
65535
65525
65516
65507
65498
65490
65482
65475
65468
65461
65455
65450
65445
65440
65436
65432
65429
65427
65424
65422
65421
65419
65418
