1
1
1
1
1
1
1
1
1
1
1
1
1
1
1
1
1
1
1
2
2
2
2
2
2
2
2
2
2
2
2
3
3
3
3
3
3
3
3
2
2
2
2
2
2
2
2
2
2
2
2
2
2
2
2
1
1
1
1
1
1
1
1
1
1
1
1
1
1
1
1
1
1
1
1
1
1
1
1
1
1
1
1
1
1
1
1
0
0
0
0
0
0
0
0
0
0
65535
65535
65535
65535
65535
65535
65535
65535
65534
65534
65534
65534
65534
65534
65534
65534
65533
65533
65533
65533
65533
65533
65533
65533
65533
65533
65533
65533
65533
65533
65533
65533
65533
65533
65533
65533
65533
65533
65533
65533
65534
65534
65534
65534
65534
65534
65534
65534
65534
65534
65535
65535
65535
65535
65535
65535
65535
65535
65534
65534
65534
65534
65534
65534
65534
65534
65534
65534
65534
65534
65534
65534
65534
65534
65534
65534
65534
65534
65534
65534
65534
65534
65534
65534
65534
65534
65534
65534
65534
65534
65534
65534
65534
65534
65534
65534
65534
65534
65534
65534
65534
65534
65534
65534
65534
65534
65534
65534
65534
65534
65533
65533
65533
65533
65533
65533
65533
65533
65533
65533
65533
65533
65533
65533
65534
65534
65534
65534
65534
65534
65534
65534
65535
65535
65535
65535
65535
65535
0
0
0
0
0
0
0
0
1
1
1
1
0
0
0
0
0
0
0
0
0
0
0
0
0
0
0
0
0
0
0
0
0
0
0
0
0
0
0
0
1
1
1
1
1
1
1
1
1
1
2
2
2
2
2
2
2
2
2
2
3
3
3
3
3
3
3
3
3
3
3
3
4
4
4
4
4
4
4
4
4
4
4
4
4
4
4
4
4
4
4
4
4
4
3
3
3
3
3
3
3
3
3
3
2
2
2
2
2
2
2
2
2
2
2
2
2
2
2
2
3
3
3
3
3
3
3
3
3
3
3
3
4
4
4
4
3
3
3
3
3
3
3
3
2
2
2
2
1
1
1
1
0
0
0
0
0
0
65535
65535
65535
65535
65535
65535
65535
65535
65535
65535
65535
65535
65535
65535
65535
65535
65535
65535
65535
65535
65535
65535
65535
65535
65535
65535
0
0
0
0
0
0
0
0
65535
65535
65535
65535
65535
65535
65535
65535
65535
65535
65535
65535
65535
65535
65535
65535
65535
65535
65535
65535
65535
65535
65535
65535
65535
65535
65535
65535
65535
65535
65535
65535
65535
65535
65535
65535
0
0
0
0
0
0
0
0
0
0
0
0
65535
65535
65535
65535
65535
65535
65535
65535
65534
65534
65534
65534
65534
65534
65533
65533
65533
65533
65533
65533
65533
65533
65533
65533
65533
65533
65533
65533
65533
65533
65533
65533
65533
65533
65534
65534
65534
65534
65534
65534
65534
65534
65535
65535
65535
65535
65535
65535
65535
65535
65535
65535
0
0
0
0
0
0
0
0
0
0
0
0
65535
65535
65535
65535
65535
65535
65535
65535
65535
65535
65534
65534
65534
65534
65534
65534
65533
65533
65533
65533
65533
65533
65533
65533
65532
65532
65532
65532
65532
65532
65532
65532
65532
65532
65532
65532
65532
65532
65532
65532
65533
65533
65533
65533
65533
65533
65533
65533
65533
65533
65534
65534
65534
65534
65534
65534
65534
65534
65535
65535
65535
65535
65535
65535
65535
65535
0
0
0
0
0
0
0
0
1
1
1
1
1
1
2
2
2
2
2
2
3
3
3
3
3
3
3
3
3
3
4
4
4
4
4
4
4
4
4
4
4
4
4
4
4
4
5
5
5
6
6
6
7
7
8
8
9
9
9
10
10
11
11
11
12
12
12
13
13
13
14
14
14
14
14
14
14
14
14
14
14
14
14
14
14
14
14
14
14
14
14
14
15
16
16
17
18
19
20
21
22
23
25
26
27
29
30
31
32
34
35
35
36
37
37
38
38
38
38
37
36
35
34
33
31
30
28
25
23
20
17
14
11
8
5
1
65534
65530
65527
65524
65521
65518
65515
65512
65509
65507
65505
65503
65501
65500
65499
65498
65498
65497
65498
65498
65499
65500
65501
65502
65504
65506
65508
65510
65512
65515
65517
65519
65522
65524
65527
65529
65532
65534
0
2
4
6
8
9
10
11
12
12
12
12
12
11
10
9
8
7
6
4
2
0
65534
65531
65529
65527
65524
65522
65519
65517
65514
65512
65510
65507
65505
65503
65501
65499
65497
65496
65494
65492
65491
65490
65489
65488
65487
65486
65486
65485
65485
65485
65485
65485
65485
65485
65485
65485
65486
65486
65487
65488
65488
65489
65490
65491
65491
65492
65493
65494
65496
65497
65498
65499
65500
65501
65502
65503
65505
65506
65507
65508
65510
65511
65512
65513
65515
65516
65517
65518
65518
65519
65520
65521
65521
65522
65522
65523
65523
65523
65523
65523
65523
65523
65523
65523
65523
65523
65523
65523
65523
65523
65523
65523
65523
65523
65523
65523
65523
65523
65523
65524
65525
65525
65526
65528
65529
65530
65532
65533
65535
1
3
5
7
10
12
15
18
21
24
27
30
33
36
39
41
44
46
49
51
53
55
56
58
59
60
61
61
62
62
61
61
60
59
58
57
56
55
54
52
51
50
50
49
48
48
48
49
49
51
53
55
58
61
64
69
73
78
84
90
96
103
110
117
125
133
140
148
155
163
170
176
182
188
193
197
200
203
204
204
204
202
200
196
191
185
177
169
159
149
138
125
112
98
83
68
52
36
20
3
65522
65506
65489
65473
65458
65443
65428
65415
65402
65390
65379
65369
65360
65353
65347
65342
65338
65335
65334
65333
65334
65336
65340
65344
65349
65355
65362
65370
65379
65387
65397
65406
65416
65426
65435
65445
65455
65464
65473
65481
65489
65496
65502
65507
65512
65515
65518
65519
65520
65519
65518
65516
65512
65508
65503
65497
65490
65482
65474
65465
65456
65446
65436
65426
65415
65404
65394
65384
65373
65364
65354
65345
65337
65329
65322
65316
65311
65307
65304
65302
65301
65301
65302
65305
65308
65313
65318
65325
65333
65343
65353
65364
65376
65389
65402
65416
65431
65447
65462
65478
65495
65511
65527
7
24
39
55
70
84
98
110
122
133
143
152
160
167
172
176
179
180
180
179
177
173
168
161
154
145
135
124
113
100
87
73
59
44
29
14
65535
65520
65505
65490
65476
65462
65449
65437
65425
65415
65406
65398
65391
65385
65381
65378
65377
65377
65378
65382
65386
65392
65400
65409
65419
65430
65443
65456
65471
65486
65503
65519
1
18
35
53
71
88
105
121
137
152
166
179
190
201
210
217
223
227
230
231
231
228
224
219
211
203
193
181
168
154
138
122
105
87
69
50
31
12
65529
65510
65491
65473
65456
65440
65424
65409
65396
65384
65373
65363
65356
65349
65345
65342
65340
65340
65342
65345
65350
65356
65364
65373
65384
65395
65407
65421
65435
65450
65465
65481
65497
65514
65530
10
26
42
57
71
85
97
109
120
129
137
144
149
153
155
156
155
153
150
145
138
131
122
111
100
88
75
61
46
30
15
65535
65519
65503
65487
65471
65456
65441
65427
65414
65402
65390
65380
65371
65363
65357
65352
65348
65346
65345
65346
65348
65352
65357
65364
65371
65380
65391
65402
65414
65428
65442
65456
65472
65487
65504
65520
0
17
33
50
66
81
96
110
124
137
149
160
170
179
187
194
200
205
208
210
212
211
210
208
204
200
194
187
179
170
160
149
138
126
113
99
85
70
55
39
23
8
65528
65512
65496
65481
65466
65451
65437
65424
65411
65399
65388
65377
65368
65360
65352
65346
65341
65338
65335
65334
65335
65336
65339
65343
65348
65355
65362
65371
65380
65391
65402
65414
65427
65440
65454
65468
65482
65497
65511
65525
3
17
30
42
53
64
73
82
89
95
100
103
105
105
104
101
97
91
84
75
65
53
41
27
12
65531
65515
65497
65479
65460
65441
65422
65403
65383
65364
65346
65328
65310
65294
65278
65264
65251
65239
65228
65219
65212
65206
65202
65200
65200
65201
65204
65208
65215
65222
65232
65243
65255
65269
65284
65299
65316
65334
65352
65370
65389
65408
65427
65446
65465
65483
65500
65517
65533
12
26
39
50
60
69
76
81
85
87
87
86
84
80
74
67
59
49
39
27
15
1
65524
65509
65494
65479
65464
65450
65435
65421
65408
65395
65382
65371
65361
65352
65344
65338
65333
65329
65328
65327
65329
65332
65337
65344
65352
65362
65374
65387
65401
65417
65434
65452
65472
65492
65513
65534
20
42
65
87
109
130
151
172
191
209
226
242
257
269
280
290
297
302
306
307
306
303
298
291
283
272
259
244
228
210
191
171
149
126
102
78
53
28
2
65513
65488
65464
65440
65417
65395
65374
65354
65336
65319
65304
65291
65280
65271
65264
65259
65256
65255
65257
65261
65267
65275
65285
65297
65311
65327
65344
65363
65383
65404
65427
65450
65474
65499
65524
13
38
63
88
112
135
157
178
198
217
234
250
264
276
286
294
301
305
307
307
306
302
297
289
280
270
258
244
229
213
196
178
159
140
120
100
80
61
41
23
4
65523
65507
65492
65478
65466
65455
65446
65438
65433
65429
65427
65428
65430
65435
65441
65450
65460
65473
65488
65504
65522
6
27
49
73
98
123
149
176
202
229
256
282
308
332
356
378
398
417
434
448
461
471
478
482
484
482
478
470
459
445
428
408
384
358
329
297
263
226
187
146
103
59
14
65503
65456
65409
65362
65315
65269
65223
65179
65136
65095
65056
65020
64986
64954
64926
64901
64879
64861
64846
64835
64828
64824
64824
64828
64835
64846
64861
64878
64899
64923
64949
64978
65009
65042
65076
65112
65149
65187
65225
65263
65301
65338
65374
65409
65443
65475
65505
65533
22
45
65
82
96
107
115
119
121
120
115
108
97
84
69
51
31
9
65521
65496
65470
65443
65415
65387
65360
65332
65305
65279
65253
65229
65207
65187
65168
65152
65138
65127
65118
65112
65109
65109
65112
65117
65126
65138
65153
65170
65190
65213
65238
65266
65295
65326
65360
65394
65430
65467
65504
6
44
82
119
156
192
227
260
291
321
348
373
395
414
431
445
455
462
466
466
464
458
448
436
421
402
381
357
331
302
272
240
206
172
136
100
64
27
65527
65491
65456
65423
65390
65359
65331
65304
65279
65257
65237
65220
65206
65194
65186
65180
65177
65177
65180
65186
65194
65205
65219
65234
65252
65271
65292
65315
65339
65364
65390
65416
65443
65469
65496
65522
12
37
61
84
105
125
143
160
175
188
199
208
214
218
220
220
218
214
208
200
190
178
165
150
134
117
98
79
59
39
19
65534
65513
65493
65473
65454
65436
65419
65403
65389
65376
65364
65355
65347
65342
65338
65337
65337
65340
65345
65352
65361
65372
65385
65400
65417
65436
65456
65478
65500
65524
13
38
64
90
117
143
169
195
220
244
267
289
309
328
345
360
374
386
395
402
408
410
411
409
406
400
392
382
370
357
341
324
306
286
265
243
220
197
173
149
124
100
75
52
28
6
65520
65500
65480
65462
65445
65430
65416
65404
65394
65386
65379
65374
65371
65370
65371
65374
65378
65385
65393
65402
65413
65425
65439
65453
65468
65485
65501
65519
1
19
37
55
72
89
106
122
136
150
163
174
184
192
199
204
208
210
210
208
204
199
191
183
172
160
146
131
115
97
78
59
38
16
65530
65508
65485
65462
65439
65416
65394
65371
65350
65328
65308
65288
65270
65252
65235
65220
65205
65192
65181
65171
65162
65154
65148
65143
65140
65138
65138
65139
65141
65144
65149
65154
65161
65169
65177
65187
65197
65209
65220
65233
65246
65260
65274
65288
65303
65317
65332
65347
65362
65376
65391
65405
65418
65431
65444
65456
65467
65477
65487
65496
65504
65511
65517
65522
65525
65528
65529
65530
65529
65527
65524
65520
65514
65508
65501
65492
65483
65474
65463
65453
65441
65430
65418
65407
65395
65383
65372
65361
65351
65341
65333
65325
65318
65312
65307
65304
65302
65301
65301
65303
65306
65311
65317
65324
65333
65342
65353
65365
65377
65391
65405
65420
65435
65451
65467
65483
65499
65515
65530
9
24
38
51
63
74
84
93
101
107
112
116
118
119
119
117
114
110
104
98
90
81
71
60
48
36
23
10
65532
65519
65505
65491
65478
65464
65452
65439
65428
65417
65407
65398
65390
65383
65378
65373
65370
65368
65368
65370
65372
65377
65382
65389
65398
65408
65419
65432
65445
65460
65475
65491
65508
65526
7
26
44
62
80
98
116
133
149
164
178
191
203
214
223
231
237
241
244
245
244
242
237
231
223
213
202
189
175
159
142
124
105
85
65
44
23
1
65516
65494
65473
65453
65433
65414
65395
65378
65362
65347
65334
65322
65312
65304
65297
65292
65289
65287
65288
65290
65294
65299
65306
65315
65325
65337
65350
65364
65379
65395
65411
65429
65446
65465
65483
65502
65520
2
20
37
54
70
85
99
112
124
135
145
154
161
167
172
176
178
179
179
178
176
173
169
164
159
153
146
139
132
124
116
109
101
94
86
80
73
67
62
57
53
49
46
44
43
43
43
44
46
48
51
55
59
63
69
74
80
86
93
99
106
113
119
126
132
138
144
149
155
160
164
168
172
175
178
180
181
182
182
182
181
180
178
175
172
168
163
158
153
146
139
132
124
115
106
96
85
74
62
50
37
24
11
65532
65518
65503
65488
65473
65458
65443
65427
65412
65397
65382
65368
65354
65341
65329
65318
65308
65299
65291
65284
65279
65275
65272
65271
65272
65274
65277
65282
65289
65296
65306
65316
65328
65341
65355
65370
65385
65401
65418
65434
65451
65467
65483
65499
65513
65527
4
16
26
35
42
47
51
53
54
52
48
43
36
27
17
5
65527
65513
65497
65480
65462
65444
65425
65406
65387
65368
65350
65332
65314
65298
65283
65269
65256
65244
65235
65227
65220
65216
65214
65213
65214
65218
65223
65230
65239
65249
65262
65276
65291
65307
65325
65344
65364
65384
65404
65425
65446
65467
65488
65509
65528
12
30
47
63
78
91
103
114
122
129
135
138
139
139
137
133
128
120
112
102
90
77
63
48
32
15
65534
65516
65498
65480
65462
65445
65427
65410
65394
65379
65364
65351
65338
65327
65317
65308
65300
65294
65290
65287
65285
65285
65286
65289
65293
65298
65305
65312
65320
65330
65340
65351
65362
65373
65385
65397
65409
65421
65433
65444
65455
65465
65475
65484
65492
65500
65506
65512
65516
65520
65522
65523
65524
65523
65521
65519
65515
65511
65506
65500
65493
65486
65479
65471
65463
65455
65447
65439
65431
65424
65416
65410
65403
65398
65393
65388
65385
65382
65380
65379
65379
65380
65381
65384
65387
65391
65397
65402
65409
65416
65424
65432
65441
65450
65459
65469
65479
65488
65498
65508
65517
65526
65535
7
15
22
28
34
39
43
47
49
51
52
53
52
51
49
46
43
39
35
30
24
19
12
6
0
65529
65522
65516
65510
65503
65498
65492
65487
65483
65479
65475
65473
65471
65469
65469
65469
65470
65472
65475
65478
65483
65488
65494
65500
65508
65516
65525
65534
8
19
30
41
53
65
78
90
103
116
128
140
152
164
175
186
197
207
216
225
233
241
247
253
258
262
265
268
269
270
270
268
266
264
260
256
251
246
240
234
227
220
213
205
197
189
182
174
166
159
152
145
139
133
128
123
118
115
112
109
107
106
106
107
108
109
112
115
118
122
127
131
137
142
148
154
159
165
171
176
182
187
191
195
198
201
202
204
204
203
202
199
195
190
185
178
169
160
150
139
126
113
99
84
68
52
35
18
0
65519
65501
65483
65466
65449
65432
65416
65401
65387
65373
65361
65350
65340
65332
65325
65320
65316
65313
65313
65314
65317
65321
65328
65336
65345
65356
65368
65382
65397
65413
65430
65448
65467
65486
65506
65526
10
30
50
70
89
108
126
143
159
173
186
198
208
217
224
229
232
233
232
229
225
218
209
199
186
172
156
138
119
99
77
54
30
5
65514
65488
65460
65433
65405
65377
65349
65322
65295
65268
65242
65217
65193
65170
65148
65128
65109
65091
65075
65061
65048
65037
65028
65021
65016
65012
65011
65012
65014
65018
65024
65032
65042
65053
65065
65079
65095
65111
65129
65148
65167
65188
65208
65230
65251
65273
65294
65316
65337
65358
65378
65398
65416
65433
65450
65465
65479
65491
65502
65512
65520
65526
65531
65534
65535
65535
65533
65530
65525
65519
65512
65504
65495
65485
65474
65462
65450
65438
65425
65412
65400
65388
65376
65365
65355
65345
65336
65328
65321
65315
65310
65307
65304
65303
65304
65305
65308
65311
65316
65322
65328
65336
65344
65353
65362
65372
65382
65393
65403
65414
65425
65435
65445
65455
65465
65474
65482
65490
65497
65504
65510
65515
65520
65524
65527
65530
65532
65533
65534
65535
65535
65535
65534
65533
65532
65531
65530
65528
65527
65526
65525
65523
65522
65522
65521
65520
65520
65520
65521
65521
65522
65524
65525
65527
65529
65532
65535
2
5
8
12
16
20
24
28
33
37
41
46
50
54
59
63
67
71
75
79
82
85
88
91
93
96
97
99
100
101
101
101
101
100
99
98
96
95
92
90
87
85
82
79
76
72
69
65
61
58
54
50
47
43
40
37
34
31
29
27
25
24
23
22
22
22
22
23
24
26
28
30
33
36
40
43
47
52
56
61
66
71
76
82
87
92
98
103
109
114
119
124
129
134
139
144
148
152
157
161
165
169
173
177
181
185
189
193
197
201
205
209
213
217
221
224
228
232
236
240
243
247
251
254
257
260
262
265
267
268
269
270
270
270
269
268
266
263
260
256
252
247
242
236
230
223
215
207
199
190
181
171
162
151
141
130
120
109
98
87
76
65
54
43
32
21
10
0
65525
65514
65504
65493
65483
65473
65462
65452
65442
65431
65421
65411
65401
65390
65380
65370
65360
65349
65339
65329
65319
65309
65299
65289
65279
65269
65260
65251
65242
65233
65225
65218
65210
65203
65197
65190
65185
65180
65175
65171
65167
65164
65162
65160
65159
65158
65158
65158
65159
65160
65162
65164
65167
65171
65174
65179
65183
65188
65194
65199
65205
65212
65218
65225
65233
65240
65248
65256
65264
65273
65282
65291
65300
65310
65320
65330
65341
65351
65362
65373
65384
65396
65407
65418
65430
65442
65453
65465
65476
65488
65499
65510
65520
65531
5
14
23
32
40
47
53
59
64
68
72
74
76
78
78
78
77
75
73
71
67
64
60
56
51
47
42
37
33
29
25
21
18
15
12
10
9
9
9
9
11
13
16
20
24
29
34
41
47
55
62
70
79
87
95
104
113
121
130
138
146
153
161
168
174
180
185
190
194
197
200
202
204
205
205
204
203
202
199
197
194
190
187
182
178
173
169
164
159
153
148
143
139
134
129
125
121
118
114
111
109
106
105
103
102
102
102
102
103
104
105
107
109
111
114
116
119
121
124
127
129
131
134
136
137
139
140
140
140
139
137
135
132
129
125
120
114
107
100
92
83
74
64
53
41
29
17
4
65527
65513
65499
65485
65472
65458
65444
65430
65417
65404
65392
65380
65369
65358
65349
65340
65332
65325
65319
65315
65311
65308
65306
65305
65306
65307
65309
65312
65316
65321
65326
65332
65339
65345
65352
65360
65367
65375
65382
65389
65396
65403
65409
65414
65419
65423
65426
65429
65430
65431
65430
65429
65426
65423
65419
65414
65408
65402
65394
65386
65377
65368
65358
65347
65336
65325
65314
65302
65291
65279
65268
65257
65246
65236
65226
65217
65209
65201
65195
65189
65185
65181
65179
65178
65177
65179
65181
65185
65189
65196
65203
65212
65222
65233
65245
65259
65273
65288
65304
65321
65339
65357
65376
65395
65414
65434
65453
65473
65492
65510
65529
10
27
44
59
73
87
99
110
120
129
137
143
147
151
153
154
153
151
149
145
140
133
127
119
111
102
93
84
74
64
55
45
36
28
20
12
5
65535
65530
65525
65522
65519
65517
65517
65517
65518
65520
65523
65527
65532
2
8
15
23
31
39
48
57
66
76
85
94
103
112
120
128
135
141
147
153
157
161
164
166
168
168
167
166
164
161
157
153
148
143
137
130
123
116
108
100
92
84
75
67
59
51
43
36
29
22
16
11
6
1
65534
65531
65528
65526
65525
65524
65524
65525
65526
65528
65530
65533
1
4
9
13
18
23
28
34
39
45
50
55
60
65
69
73
77
80
82
84
85
86
86
86
85
83
80
77
73
69
64
58
52
45
37
30
21
13
4
65532
65523
65514
65505
65496
65488
65479
65471
65464
65456
65449
65443
65437
65432
65427
65423
65420
65418
65416
65416
65416
65417
65418
65421
65424
65428
65433
65439
65445
65452
65460
65468
65477
65486
65496
65506
65517
65528
3
15
27
39
51
63
75
87
98
110
121
131
141
150
159
167
175
181
187
192
196
199
201
201
201
200
198
195
190
185
179
171
163
154
143
132
120
108
95
81
67
53
38
23
9
65530
65515
65500
65486
65471
65458
65445
65432
65420
65409
65398
65389
65379
65371
65364
65357
65351
65346
65342
65339
65337
65335
65335
65335
65335
65337
65339
65341
65344
65348
65351
65356
65360
65365
65370
65375
65380
65385
65390
65395
65400
65405
65409
65414
65418
65422
65425
65429
65432
65434
65437
65439
65440
65442
65443
65444
65444
65445
65445
65444
65444
65443
65442
65441
65440
65438
65436
65435
65433
65431
65430
65428
65426
65425
65423
65421
65420
65419
65418
65417
65416
65415
65415
65415
65415
65415
65416
65417
65419
65420
65422
65425
65427
65430
65433
65436
65439
65442
65446
65450
65454
65459
65463
65467
65472
65476
65480
65485
65489
65493
65497
65501
65505
65508
65511
65514
65516
65519
65520
65522
65523
65524
65524
65524
65523
65522
65521
65519
65517
65514
65511
65508
65505
65502
65498
65494
65490
65486
65483
65479
65475
65471
65467
65464
65461
65458
65456
65454
65452
65451
65451
65451
65451
65453
65454
65456
65459
65462
65466
65471
65476
65481
65487
65494
65500
65507
65515
65522
65529
1
8
16
24
31
38
45
51
58
63
69
74
79
83
86
89
92
94
95
96
97
97
97
97
96
95
94
93
91
90
89
88
87
86
85
85
85
86
87
88
90
92
95
97
101
104
108
112
117
122
127
132
137
142
146
151
155
160
163
167
170
172
174
175
176
176
175
174
172
169
165
161
156
151
145
138
131
123
115
107
98
89
80
70
61
51
42
33
24
15
6
65534
65527
65519
65512
65506
65500
65494
65489
65485
65481
65478
65475
65473
65471
65469
65469
65468
65468
65468
65469
65470
65471
65472
65473
65475
65477
65478
65480
65482
65483
