65533
65533
65533
65533
65533
65533
65533
65532
65532
65532
65532
65532
65532
65532
65532
65532
65532
65531
65531
65531
65531
65531
65531
65531
65531
65531
65531
65531
65531
65531
65531
65531
65531
65531
65531
65531
65531
65531
65531
65531
65531
65531
65531
65532
65532
65532
65532
65532
65532
65532
65532
65532
65532
65532
65532
65533
65533
65533
65533
65533
65533
65533
65533
65533
65533
65533
65533
65533
65533
65533
65533
65533
65533
65533
65533
65533
65533
65533
65533
65533
65533
65533
65533
65533
65533
65533
65533
65533
65533
65533
65533
65533
65533
65533
65533
65534
65534
65534
65534
65534
65534
65534
65534
65535
65535
65535
65535
65535
65535
0
0
0
0
0
0
0
0
0
0
1
1
1
1
1
1
1
1
1
1
1
1
0
0
0
0
0
0
0
0
65535
65535
65535
65535
65535
65535
65534
65534
65534
65534
65534
65534
65534
65534
65533
65533
65533
65533
65533
65533
65533
65533
65532
65532
65532
65532
65532
65532
65532
65532
65532
65532
65531
65531
65531
65531
65531
65531
65531
65531
65531
65531
65531
65531
65531
65531
65531
65531
65531
65531
65531
65531
65531
65531
65531
65531
65532
65532
65532
65532
65532
65532
65532
65532
65532
65532
65532
65532
65531
65531
65531
65531
65531
65531
65531
65531
65531
65531
65531
65531
65531
65531
65531
65531
65531
65531
65531
65531
65531
65531
65531
65531
65531
65531
65531
65531
65531
65531
65531
65531
65531
65531
65531
65531
65531
65531
65531
65531
65531
65531
65531
65531
65531
65531
65531
65531
65531
65531
65531
65531
65530
65530
65530
65530
65530
65530
65530
65530
65530
65530
65530
65530
65530
65530
65530
65530
65530
65530
65530
65530
65530
65530
65530
65530
65530
65530
65530
65530
65530
65530
65530
65530
65530
65530
65530
65530
65531
65531
65531
65531
65531
65531
65531
65531
65531
65531
65531
65531
65532
65532
65532
65532
65532
65532
65532
65532
65532
65532
65532
65532
65533
65533
65533
65533
65533
65533
65533
65533
65533
65533
65533
65533
65533
65533
65533
65533
65533
65533
65533
65533
65533
65533
65533
65533
65533
65533
65533
65533
65533
65533
65533
65533
65533
65533
65533
65533
65533
65533
65533
65533
65533
65533
65533
65533
65533
65533
65533
65533
65533
65533
65533
65533
65533
65533
65533
65533
65533
65533
65533
65533
65532
65532
65532
65532
65532
65532
65532
65532
65532
65532
65532
65532
65531
65531
65531
65531
65531
65531
65531
65531
65531
65531
65531
65531
65531
65531
65531
65531
65531
65531
65531
65531
65531
65531
65531
65531
65531
65531
65531
65531
65532
65532
65532
65532
65532
65532
65532
65532
65532
65532
65532
65532
65532
65532
65532
65532
65532
65532
65532
65532
65532
65532
65532
65532
65532
65532
65532
65532
65532
65532
65533
65533
65533
65533
65533
65533
65533
65533
65534
65534
65534
65534
65534
65534
65534
65534
65535
65535
65535
65535
65535
65535
65535
65535
65535
65535
65535
65535
65535
65535
65535
65535
65535
65535
65535
65535
65535
65535
65535
65535
65535
65535
65535
65535
65535
65535
65535
65535
65535
65535
0
0
0
0
0
0
0
0
1
1
1
1
1
1
1
1
2
2
2
2
2
2
2
2
1
1
1
1
1
1
1
1
1
1
1
1
0
0
0
0
0
0
0
0
0
0
0
0
0
0
0
0
65535
65535
65535
65535
65535
65535
65535
65535
65535
65535
65534
65534
65534
65534
65534
65534
65534
65534
65533
65533
65533
65533
65533
65533
65533
65533
65532
65532
65532
65532
65532
65532
65532
65532
65532
65532
65532
65532
65532
65532
65532
65532
65532
65532
65532
65532
65532
65532
65531
65531
65531
65531
65531
65531
65531
65531
65531
65531
65531
65531
65531
65531
65531
65531
65531
65531
65531
65531
65531
65531
65531
65531
65531
65531
65532
65532
65532
65532
65532
65532
65532
65532
65533
65533
65533
65533
65533
65533
65533
65533
65534
65534
65534
65534
65534
65534
65534
65534
65535
65535
65535
65535
65535
65535
65535
65535
0
0
0
0
0
0
0
0
1
1
1
1
1
1
1
1
2
2
2
2
2
2
2
2
2
2
3
3
3
3
3
3
3
3
3
3
3
3
2
2
2
2
2
2
2
2
2
2
2
2
1
1
1
1
1
1
1
1
1
1
1
1
1
1
1
1
0
0
0
0
0
0
0
0
0
0
0
0
0
0
0
0
0
0
0
0
0
0
0
0
0
0
0
0
0
0
0
0
0
0
0
0
0
0
0
0
0
0
0
0
65535
65535
65535
65535
65535
65535
65535
65535
65535
65535
65535
65535
65535
65535
65535
65535
65535
65535
65535
65535
65535
65535
65535
65535
65535
65535
65535
65535
65535
65535
65535
65535
0
0
0
0
0
0
0
0
0
0
0
0
0
0
0
0
0
0
0
0
65535
65535
65535
65535
65535
65535
65535
65535
65535
65535
65534
65534
65534
65534
65534
65534
65533
65533
65533
65533
65533
65533
65533
65533
65532
65532
65532
65532
65532
65532
65532
65532
65532
65532
65532
65532
65532
65532
65532
65532
65533
65533
65533
65533
65533
65533
65533
65533
65533
65533
65533
65533
65534
65534
65534
65534
65534
65534
65534
65534
65534
65534
65534
65534
65534
65534
65534
65534
65534
65534
65534
65534
65534
65534
65534
65534
65534
65534
65534
65534
65534
65534
65534
65534
65534
65534
65534
65534
65534
65534
65534
65534
65534
65534
65534
65534
65534
65534
65534
65534
65534
65534
65534
65534
65533
65533
65533
65533
65532
65532
65532
65532
65531
65531
65531
65531
65531
65531
65531
65531
65531
65531
65532
65532
65533
65533
65534
65534
65535
0
0
1
2
3
3
4
4
5
5
5
5
5
5
5
4
4
3
1
0
65534
65532
65530
65528
65526
65523
65520
65517
65514
65511
65508
65505
65501
65498
65495
65491
65488
65485
65482
65480
65477
65475
65473
65472
65471
65470
65470
65470
65470
65471
65472
65474
65476
65478
65481
65484
65488
65492
65496
65501
65505
65510
65515
65521
65526
65532
2
7
13
19
24
30
35
40
46
51
55
60
64
69
72
76
79
82
84
87
89
90
91
92
92
93
92
92
91
90
89
87
86
84
81
79
76
73
70
67
63
59
56
52
48
44
40
36
32
29
25
21
17
13
9
6
3
0
65533
65530
65527
65525
65523
65521
65519
65518
65516
65515
65515
65514
65514
65514
65514
65514
65514
65515
65516
65516
65517
65518
65519
65520
65521
65522
65523
65524
65525
65525
65526
65526
65527
65527
65527
65527
65527
65526
65525
65525
65524
65523
65522
65520
65519
65517
65515
65513
65511
65509
65506
65504
65502
65499
65497
65495
65492
65490
65488
65486
65484
65482
65480
65478
65476
65475
65474
65473
65472
65471
65470
65470
65470
65470
65470
65471
65471
65472
65473
65475
65476
65478
65480
65482
65485
65488
65491
65494
65497
65500
65504
65508
65512
65516
65520
65524
65528
65532
1
5
9
14
18
22
27
31
35
39
42
46
49
52
55
57
60
62
63
65
66
67
68
68
68
68
68
67
65
64
62
60
58
56
54
51
48
45
42
39
36
33
30
27
24
21
18
16
13
11
8
6
4
2
1
0
65535
65534
65533
65533
65533
65533
65533
65534
65535
0
1
2
3
4
6
7
9
11
12
14
15
17
18
19
20
21
22
22
23
23
22
22
21
20
19
17
16
13
11
8
5
2
65534
65530
65525
65521
65516
65511
65506
65500
65495
65489
65483
65477
65471
65465
65459
65453
65447
65441
65435
65429
65423
65417
65412
65407
65402
65398
65393
65390
65386
65383
65380
65378
65377
65376
65375
65375
65376
65377
65378
65380
65383
65386
65390
65395
65400
65406
65412
65419
65427
65435
65443
65452
65462
65471
65481
65492
65503
65514
65525
0
12
23
35
46
58
70
81
92
103
113
123
133
142
151
159
166
173
179
185
190
194
198
201
203
204
205
205
204
202
199
196
193
188
183
178
172
165
158
150
142
134
125
116
106
97
88
78
69
60
51
42
33
24
16
8
0
65529
65522
65516
65510
65505
65500
65495
65492
65488
65486
65484
65482
65481
65481
65481
65481
65482
65484
65486
65488
65490
65493
65496
65499
65502
65505
65508
65511
65514
65517
65519
65521
65523
65524
65525
65525
65525
65524
65523
65521
65519
65516
65512
65507
65502
65496
65489
65482
65475
65467
65459
65450
65441
65432
65422
65412
65403
65393
65384
65374
65365
65356
65347
65339
65331
65324
65317
65311
65306
65301
65297
65294
65292
65291
65290
65291
65293
65295
65299
65303
65308
65315
65322
65330
65340
65350
65361
65372
65385
65399
65413
65428
65444
65461
65478
65495
65514
65533
16
36
56
76
96
117
137
157
178
197
217
236
254
272
289
305
320
334
346
357
367
376
383
388
392
394
394
393
389
385
378
370
360
348
335
321
305
288
270
251
231
210
188
166
143
120
98
75
52
30
8
65523
65502
65482
65464
65446
65429
65414
65399
65386
65374
65364
65355
65348
65342
65337
65334
65333
65332
65334
65336
65340
65345
65351
65358
65366
65375
65385
65396
65407
65419
65431
65444
65457
65470
65483
65495
65508
65520
65532
8
19
29
38
47
54
60
66
70
73
75
76
75
73
69
65
59
51
43
33
22
10
65533
65518
65504
65488
65472
65455
65438
65421
65403
65386
65369
65352
65336
65320
65305
65290
65277
65265
65254
65244
65235
65228
65222
65219
65216
65215
65216
65219
65223
65229
65236
65246
65256
65269
65283
65298
65314
65332
65350
65370
65390
65411
65433
65454
65477
65499
65522
8
30
52
73
93
113
132
150
167
183
198
211
223
233
242
249
255
259
262
263
262
261
257
252
246
239
230
220
209
197
184
170
155
140
124
107
90
73
56
39
22
5
65524
65508
65493
65478
65464
65450
65438
65426
65416
65407
65398
65391
65385
65380
65377
65374
65373
65373
65375
65377
65381
65386
65392
65399
65406
65415
65425
65435
65446
65457
65469
65481
65493
65505
65518
65530
6
17
29
40
50
60
69
77
84
90
95
100
103
105
106
106
106
104
101
97
92
85
78
71
62
53
43
32
21
10
65534
65521
65509
65497
65484
65472
65460
65449
65437
65427
65416
65407
65398
65390
65383
65377
65372
65369
65366
65365
65364
65366
65368
65372
65376
65383
65390
65398
65408
65418
65430
65442
65456
65470
65485
65500
65516
65532
13
29
46
63
80
96
113
129
145
160
175
189
202
215
227
238
248
258
267
275
283
290
296
301
306
310
313
315
317
319
320
320
319
318
316
313
310
306
301
296
290
284
276
268
260
250
240
229
217
205
191
178
163
148
132
116
99
81
64
46
28
10
65527
65509
65491
65472
65454
65436
65419
65401
65385
65368
65353
65338
65323
65309
65296
65284
65272
65261
65251
65242
65233
65226
65219
65213
65207
65203
65199
65196
65193
65191
65190
65190
65190
65191
65192
65194
65197
65200
65204
65209
65214
65219
65225
65231
65237
65244
65251
65258
65266
65274
65282
65291
65300
65308
65317
65326
65335
65344
65353
65361
65370
65379
65387
65395
65403
65410
65417
65424
65431
65437
65444
65449
65455
65460
65465
65470
65475
65480
65484
65489
65493
65498
65502
65507
65512
65517
65522
65528
65533
4
11
18
26
35
44
54
64
75
86
98
110
123
137
150
164
179
194
209
224
238
253
268
282
296
310
323
335
346
357
367
376
383
390
395
399
402
404
403
402
399
395
389
382
373
363
352
339
325
310
294
277
258
239
219
198
177
155
132
109
86
62
38
15
65527
65503
65480
65457
65434
65412
65391
65370
65350
65330
65312
65294
65278
65263
65249
65236
65224
65214
65205
65197
65191
65186
65183
65181
65181
65182
65185
65189
65194
65201
65210
65219
65230
65242
65255
65268
65283
65298
65314
65330
65347
65364
65380
65397
65414
65431
65447
65462
65477
65491
65504
65516
65528
2
11
19
26
31
35
38
40
41
40
39
36
32
28
22
16
10
3
65531
65524
65516
65509
65501
65493
65486
65480
65474
65469
65464
65461
65458
65456
65456
65457
65458
65461
65465
65471
65477
65485
65494
65503
65514
65526
3
16
31
46
61
77
94
110
127
143
160
176
192
207
221
235
248
260
271
281
289
296
302
306
309
311
311
309
306
302
296
288
279
269
258
245
231
216
201
184
167
149
130
111
92
72
53
33
14
65531
65512
65494
65477
65460
65445
65430
65416
65403
65391
65381
65371
65363
65357
65352
65348
65345
65344
65344
65345
65348
65352
65357
65363
65370
65377
65386
65395
65404
65414
65425
65435
65445
65455
65466
65475
65485
65494
65502
65510
65517
65524
65529
65534
2
4
6
8
8
8
7
6
4
2
65535
65533
65530
65527
65525
65522
65520
65518
65517
65516
65516
65517
65518
65520
65522
65525
65529
65534
3
8
14
21
28
35
42
49
56
63
70
76
82
87
92
96
99
101
102
102
102
100
97
94
90
84
78
71
64
56
47
37
27
17
6
65531
65521
65509
65499
65488
65477
65467
65457
65447
65438
65429
65421
65414
65407
65400
65394
65389
65385
65382
65379
65377
65377
65377
65378
65379
65382
65386
65391
65396
65403
65410
65418
65427
65437
65448
65459
65471
65484
65497
65510
65524
2
17
31
46
60
74
88
101
114
125
136
146
156
163
170
176
179
182
183
182
180
176
171
164
156
146
135
123
109
94
78
61
44
26
7
65524
65504
65485
65465
65446
65427
65408
65391
65374
65357
65342
65328
65315
65303
65293
65284
65277
65271
65266
65263
65262
65262
65264
65267
65271
65277
65285
65293
65303
65314
65326
65338
65352
65366
65381
65396
65412
65428
65444
65461
65478
65494
65510
65527
6
22
37
51
65
78
90
102
112
122
131
139
145
151
156
160
162
164
164
164
162
159
155
150
145
138
130
122
112
103
92
81
69
57
44
32
19
6
65530
65518
65505
65494
65483
65472
65462
65453
65444
65437
65431
65425
65421
65417
65415
65414
65415
65416
65419
65422
65427
65433
65440
65448
65456
65466
65476
65487
65498
65510
65522
65534
10
22
33
44
55
65
75
84
92
99
105
110
113
116
117
117
116
114
110
105
99
91
83
73
63
51
39
26
12
65533
65518
65503
65487
65472
65456
65440
65425
65409
65395
65380
65367
65354
65342
65331
65321
65312
65305
65298
65293
65290
65288
65287
65288
65291
65295
65300
65307
65316
65326
65338
65351
65365
65380
65396
65413
65432
65451
65470
65491
65512
65533
19
40
62
83
104
125
145
164
183
201
218
234
249
262
275
286
296
305
313
319
324
328
330
331
332
331
329
326
321
316
311
304
297
290
282
273
264
255
246
236
226
217
207
197
187
178
169
160
151
143
134
126
119
111
104
97
90
84
78
72
67
61
56
51
46
42
38
34
31
28
25
22
20
18
16
15
15
14
15
15
16
18
20
22
24
27
31
35
39
43
47
52
56
61
65
69
73
76
79
81
83
83
83
82
80
76
72
66
60
51
42
31
19
6
65527
65512
65495
65477
65458
65438
65417
65396
65374
65351
65329
65306
65284
65261
65239
65218
65197
65177
65158
65140
65123
65107
65093
65081
65070
65060
65053
65047
65043
65042
65042
65044
65049
65055
65064
65074
65087
65101
65117
65135
65155
65177
65200
65225
65252
65279
65308
65338
65368
65399
65431
65464
65496
65529
26
58
90
122
152
182
211
238
264
289
312
332
351
368
383
395
406
414
419
422
423
421
417
411
403
392
380
365
349
332
313
293
272
250
227
204
180
157
133
110
88
66
45
25
6
65525
65509
65495
65482
65471
65461
65453
65447
65443
65441
65440
65441
65444
65448
65454
65462
65470
65480
65491
65503
65515
65528
6
20
34
49
64
78
92
106
119
131
142
153
162
170
178
184
188
191
193
193
192
189
184
178
171
161
151
138
125
110
93
75
57
37
16
65530
65508
65484
65460
65436
65411
65387
65362
65337
65313
65289
65265
65242
65220
65199
65179
65161
65143
65127
65113
65100
65089
65079
65072
65066
65062
65060
65061
65063
65067
65073
65082
65092
65104
65117
65133
65150
65168
65188
65210
65232
65255
65280
65305
65331
65357
65384
65411
65438
65465
65491
65518
8
33
58
81
104
126
147
166
185
202
217
231
244
256
265
274
281
287
291
294
296
297
296
294
291
287
282
277
270
263
255
246
237
228
219
209
199
190
180
171
161
153
144
136
129
122
117
111
107
103
101
99
98
97
98
100
102
105
109
114
119
124
131
137
144
152
159
166
173
181
188
194
200
206
211
215
218
220
222
222
221
219
216
211
206
199
191
181
171
159
146
132
117
101
84
67
49
30
11
65528
65508
65489
65469
65449
65430
65411
65393
65375
65357
65341
65325
65310
65296
65283
65271
65260
65250
65241
65234
65227
65222
65218
65215
65213
65212
65212
65213
65215
65218
65222
65227
65232
65238
65245
65253
65262
65271
65280
65291
65302
65313
65325
65338
65351
65365
65380
65395
65411
65427
65444
65462
65480
65499
65518
2
23
44
65
87
109
131
153
175
197
218
239
260
279
298
316
332
347
361
373
383
391
397
401
402
402
399
394
387
377
364
350
333
315
294
271
247
220
193
164
134
102
71
38
6
65509
65477
65445
65413
65382
65352
65323
65295
65269
65244
65221
65200
65181
65164
65149
65137
65126
65118
65113
65109
65109
65110
65114
65120
65128
65139
65151
65166
65183
65201
65221
65243
65266
65291
65317
65343
65371
65399
65427
65456
65486
65515
7
36
63
90
116
140
163
185
205
223
240
254
266
276
284
289
293
293
292
288
282
275
265
253
239
224
207
190
171
151
130
109
87
66
45
24
4
65520
65502
65484
65468
65454
65441
65430
65421
65414
65408
65405
65404
65405
65408
65413
65420
65429
65440
65453
65467
65483
65500
65518
1
21
42
63
85
107
128
150
171
191
211
230
248
264
279
293
305
315
324
331
336
339
340
339
336
331
325
316
305
292
278
261
244
224
203
181
158
134
109
83
57
30
3
65512
65485
65458
65431
65406
65381
65356
65333
65311
65290
65271
65253
65237
65222
65209
65198
65189
65182
65177
65174
65173
65174
65177
65181
65187
65195
65205
65216
65229
65243
65259
65275
65293
65311
65330
65349
65369
65389
65410
65430
65450
65470
65490
65509
65527
9
25
41
56
70
82
94
104
113
121
127
132
136
139
140
141
140
138
135
132
127
122
116
109
102
95
87
78
70
61
52
43
34
26
17
8
0
65528
65521
65513
65506
65500
65494
65489
65484
65480
65477
65474
65472
65470
65470
65470
65471
65472
65475
65478
65482
65488
65494
65500
65508
65516
65526
65535
10
21
33
46
58
72
85
99
113
127
141
155
168
181
194
206
218
229
239
248
256
264
270
275
279
282
283
284
283
281
278
274
268
262
255
246
237
227
216
205
193
180
167
153
139
125
110
95
79
64
48
32
16
0
65520
65503
65487
65471
65454
65438
65421
65404
65388
65371
65354
65338
65321
65305
65289
65273
65258
65242
65227
65213
65199
65185
65172
65160
65148
65137
65127
65118
65110
65102
65096
65091
65087
65084
65083
65082
65083
65085
65088
65092
65098
65104
65112
65121
65131
65141
65153
65166
65179
65193
65208
65223
65239
65255
65272
65289
65306
65323
65341
65359
65377
65394
65412
65430
65448
65466
65483
65501
65519
0
18
36
53
71
88
106
123
140
158
175
192
209
225
242
258
275
290
306
321
336
350
364
377
389
401
413
423
433
442
450
457
464
469
474
477
480
481
482
482
480
478
475
471
466
460
453
445
437
427
417
407
395
383
369
355
341
325
309
291
274
255
236
216
195
174
152
129
105
81
57
32
7
65517
65491
65466
65440
65414
65388
65363
65338
65313
65289
65266
65244
65223
65203
65184
65167
65152
65138
65125
65115
65106
65099
65094
65091
65089
65090
65093
65097
65104
65112
65122
65134
65147
65162
65178
65195
65213
65232
65252
65273
65294
65315
65337
65359
65382
65404
65426
65447
65468
65489
65509
65528
11
28
45
60
75
88
100
111
120
129
136
142
147
150
153
154
154
153
151
148
144
139
134
128
121
114
107
99
91
82
74
65
57
48
40
33
26
19
13
7
3
65535
65532
65530
65528
65527
65528
65528
65530
65533
0
4
8
13
19
24
31
37
43
50
56
63
69
74
79
84
88
92
94
96
97
98
97
95
92
89
84
79
73
66
58
50
41
31
20
9
65534
65522
65510
65498
65485
65473
65461
65449
65437
65425
65414
65403
65392
65382
65373
65364
65356
65349
65342
65336
65332
65328
65325
65323
65322
65322
65324
65326
65329
65333
65338
65344
65351
65359
65368
65377
65388
65399
65410
65423
65435
65449
65462
65476
65489
65503
65517
65530
8
21
33
45
57
68
78
87
95
103
109
114
118
121
122
122
121
119
116
111
106
99
91
81
71
60
48
34
21
6
65527
65511
65494
65477
65460
65442
65424
65406
65388
65370
65352
65334
65317
65300
65284
65268
65253
65239
65225
65212
65200
65189
65179
65170
65162
65156
65150
65146
65143
65141
65140
65141
65143
65146
65150
65156
65163
65171
65180
65190
65201
65213
65225
65239
65253
65267
65283
65298
65314
65330
65347
65363
65379
65396
65412
65428
65443
65459
65473
65488
65502
65515
65528
4
15
27
37
47
56
65
73
81
89
95
102
108
113
119
124
128
133
137
141
145
149
153
156
159
162
165
168
171
173
176
178
180
182
184
186
187
189
190
191
193
194
194
195
196
197
197
198
198
198
199
199
199
199
199
199
198
198
197
196
195
194
192
190
187
184
180
176
171
166
160
153
146
138
129
120
110
99
88
77
65
52
39
26
13
0
65522
65509
65496
65484
65472
65460
65449
65439
65429
65420
65412
65405
65399
65394
65390
65387
65385
65383
65383
65384
65385
65387
65390
65394
65398
65403
65408
65413
65419
65425
65432
65438
65444
65451
65457
65463
65469
65475
65481
65487
65492
65497
65502
65507
65512
65517
65521
65525
65529
65533
1
5
9
13
16
20
23
27
30
33
36
39
42
44
47
49
51
53
54
55
56
56
56
56
55
54
53
51
49
47
45
42
39
37
34
31
28
26
23
21
19
17
15
15
14
14
14
15
16
18
21
24
27
31
35
40
45
50
56
62
68
74
81
87
94
100
106
112
118
123
128
133
137
141
144
147
150
151
152
153
153
152
151
149
147
144
140
136
131
126
121
114
108
101
93
86
78
70
62
53
45
37
29
21
13
6
65534
65528
65521
65515
65510
65505
65501
65497
65494
65492
65490
65490
65490
65491
65493
65495
65499
65503
65508
65514
65520
65527
65535
7
16
24
34
43
53
63
73
83
92
102
111
120
128
136
143
149
155
160
164
167
170
171
172
171
170
168
165
161
156
150
144
137
129
121
112
102
93
83
72
62
51
41
30
20
10
0
65526
65517
65508
65499
65491
65484
65476
65470
65464
65458
65453
65449
65445
65441
65438
65435
65433
