65518
65518
65519
65519
65519
65520
65520
65520
65521
65521
65521
65521
65522
65522
65522
65522
65522
65522
65523
65523
65523
65523
65523
65523
65523
65523
65524
65524
65524
65524
65524
65524
65524
65524
65525
65525
65525
65525
65525
65525
65525
65525
65526
65526
65526
65526
65526
65526
65526
65526
65527
65527
65527
65527
65527
65527
65528
65528
65528
65528
65528
65528
65529
65529
65529
65529
65529
65529
65529
65529
65529
65529
65530
65530
65530
65530
65530
65530
65530
65530
65530
65530
65530
65530
65530
65530
65530
65530
65530
65530
65530
65530
65530
65530
65530
65530
65530
65530
65530
65530
65530
65530
65531
65531
65531
65531
65531
65531
65532
65532
65532
65533
65533
65533
65534
65534
65534
65535
65535
65535
0
0
0
0
1
1
1
1
1
1
2
2
2
2
2
2
2
2
2
2
2
2
2
2
2
2
1
1
1
1
1
1
1
1
0
0
0
0
0
0
0
0
65535
65535
65535
65535
65535
65535
65535
65535
65535
65535
65535
65535
65535
65535
65535
65535
65535
65535
65535
65535
65535
65535
65535
65535
65535
65535
65535
65535
65535
65535
65535
65535
65535
65535
65535
65535
65535
65535
65535
65535
65535
65535
65535
65535
65535
65535
65535
65535
65535
65535
65534
65534
65534
65534
65534
65534
65534
65534
65534
65534
65534
65534
65534
65534
65534
65534
65534
65534
65534
65534
65534
65534
65534
65534
65534
65534
65534
65534
65534
65534
65534
65534
65534
65534
65534
65534
65534
65534
65534
65534
65534
65534
65534
65534
65534
65534
65534
65534
65534
65534
65534
65534
65535
65535
65535
65535
65535
65535
65535
65535
65535
65535
65535
65535
0
0
0
0
0
0
0
0
0
0
0
0
0
0
0
0
0
0
0
0
1
1
1
1
1
1
1
1
1
1
1
1
1
1
1
1
2
2
2
2
2
2
2
2
2
2
2
2
2
2
2
2
3
3
3
3
3
3
3
3
3
3
3
3
3
3
3
3
3
3
3
3
4
4
4
4
4
4
4
4
4
4
4
4
4
4
4
4
4
4
4
4
4
4
4
4
4
4
4
4
5
5
5
5
5
5
5
5
5
5
5
5
5
5
5
5
5
5
5
5
5
5
5
5
5
5
5
5
5
5
5
5
5
5
6
6
6
6
6
6
6
6
6
6
6
6
6
6
6
6
6
6
6
6
5
5
5
5
5
5
4
4
4
3
3
3
2
2
2
1
1
1
0
0
0
0
0
0
65535
65535
65535
65535
65535
65535
65535
65535
65535
65535
65535
65535
65535
65535
65535
65535
65535
65535
65535
65535
65535
65535
65535
65535
65535
65535
65534
65534
65534
65534
65534
65534
65534
65534
65534
65534
65534
65534
65534
65534
65534
65534
65534
65534
65534
65534
65534
65534
65534
65534
65534
65534
65534
65534
65534
65534
65534
65534
65535
65535
65535
65535
0
0
0
0
1
1
1
1
1
1
2
2
2
2
2
2
2
2
2
2
2
2
2
2
2
2
2
2
2
2
2
2
2
2
2
2
2
2
3
3
3
3
3
3
4
4
4
4
5
5
5
5
5
5
5
5
6
6
6
6
6
6
6
6
5
5
5
5
5
5
5
5
5
5
5
5
5
5
5
5
5
5
5
5
5
5
5
5
6
6
6
6
7
7
7
7
8
8
8
8
9
9
9
9
10
10
10
10
11
11
11
11
12
12
12
12
12
12
12
12
12
12
12
12
12
12
11
11
11
11
11
11
11
11
11
11
11
11
11
11
11
11
11
11
11
11
11
11
11
11
11
11
11
11
11
11
11
11
12
12
12
12
12
12
12
12
13
13
13
13
13
13
13
13
13
13
14
14
14
14
14
14
14
14
14
14
14
14
14
14
14
14
14
14
14
14
14
14
14
14
14
14
14
14
14
14
14
14
14
14
14
14
14
14
14
14
14
14
14
14
15
15
15
15
15
15
15
15
14
14
14
14
14
14
14
14
13
13
13
13
12
12
12
12
12
12
11
11
11
11
11
11
10
10
10
10
10
10
10
10
10
10
10
10
10
10
10
10
10
10
10
10
10
10
10
10
11
11
11
11
12
12
12
12
13
13
13
13
14
14
14
14
14
14
15
15
15
15
15
15
15
15
15
15
16
16
16
16
15
15
15
15
15
15
15
15
15
15
15
15
14
14
14
14
14
14
14
14
14
14
14
14
14
14
14
14
14
14
14
14
14
14
14
14
15
15
15
15
15
15
15
15
15
15
15
15
16
16
16
16
16
16
16
16
16
16
16
16
16
16
16
16
16
16
16
16
16
16
16
16
16
16
16
16
15
15
15
15
15
15
15
15
15
15
15
15
14
14
14
14
14
14
14
14
14
14
14
14
14
14
14
14
14
14
14
14
14
14
14
14
14
14
14
14
14
14
14
14
14
14
14
14
14
14
14
14
14
14
14
14
15
15
15
15
15
15
15
15
14
14
14
14
14
14
14
14
13
13
13
13
13
13
12
12
12
12
12
12
12
12
12
12
12
12
12
12
12
12
12
12
12
12
12
12
12
12
12
12
13
13
13
13
13
13
14
14
14
14
14
14
14
14
15
15
15
15
15
15
15
15
15
15
16
16
16
16
16
16
16
16
15
15
15
15
15
15
15
15
15
15
15
15
14
14
14
14
14
14
14
14
14
14
14
14
14
14
14
14
14
14
14
14
15
15
15
15
15
15
15
15
15
15
15
15
14
14
14
14
14
14
14
14
14
14
13
13
13
13
13
13
13
13
13
13
13
13
13
13
13
13
13
13
13
13
13
13
13
13
13
13
13
13
13
13
13
13
13
13
14
14
14
14
14
14
14
14
14
14
14
14
15
15
15
15
15
15
15
15
15
15
15
15
15
15
15
15
15
15
15
15
16
16
16
16
16
16
16
16
16
16
16
16
16
16
16
16
16
16
15
15
15
15
15
15
15
15
14
14
14
14
14
14
13
13
13
13
13
13
12
12
12
12
12
12
12
12
12
12
11
11
11
11
11
11
11
11
11
11
11
11
11
11
11
11
12
12
12
12
12
12
12
12
12
12
12
12
12
12
12
12
12
12
12
12
13
13
13
13
13
13
13
13
13
13
13
13
13
13
13
13
13
13
13
13
13
13
14
14
14
14
14
14
15
15
15
16
16
16
17
17
18
18
19
19
20
20
21
21
21
22
22
22
23
23
23
23
23
23
23
23
23
23
23
22
22
22
21
21
20
20
19
18
18
17
16
15
14
13
12
11
10
9
9
8
7
6
5
4
3
2
2
1
0
65535
65535
65534
65533
65532
65532
65531
65530
65529
65529
65528
65527
65527
65526
65526
65525
65525
65524
65524
65523
65523
65522
65522
65522
65521
65521
65521
65521
65521
65521
65521
65521
65521
65521
65521
65521
65521
65521
65521
65521
65521
65521
65521
65521
65521
65521
65521
65521
65521
65521
65521
65520
65520
65520
65520
65520
65520
65519
65519
65519
65518
65518
65517
65517
65516
65516
65515
65514
65514
65513
65513
65512
65512
65511
65511
65511
65510
65510
65510
65510
65510
65510
65510
65510
65510
65510
65511
65511
65511
65512
65513
65513
65514
65515
65516
65517
65518
65520
65521
65522
65523
65525
65526
65527
65529
65530
65532
65533
65535
0
2
3
4
6
7
8
9
11
12
13
14
15
16
17
18
19
20
21
22
23
24
25
26
27
28
29
30
31
32
33
34
36
37
38
39
41
42
43
45
46
48
49
50
52
53
54
56
57
58
60
61
62
63
63
64
65
65
65
66
66
66
66
66
65
64
63
62
61
60
58
57
55
53
51
49
46
44
41
38
35
33
30
27
23
20
17
14
11
8
5
2
0
65533
65531
65528
65526
65524
65522
65520
65518
65517
65515
65514
65512
65511
65510
65509
65507
65506
65505
65504
65503
65502
65501
65500
65499
65498
65497
65496
65494
65493
65492
65491
65490
65489
65489
65488
65488
65487
65487
65488
65488
65489
65490
65492
65493
65496
65498
65502
65505
65509
65514
65518
65523
65529
65534
4
10
17
23
30
37
44
50
57
63
70
75
81
86
91
95
99
103
105
108
110
111
112
112
112
111
110
108
106
104
101
98
95
91
87
83
79
74
70
66
61
57
53
48
44
40
36
32
28
24
21
17
14
10
7
4
1
65534
65531
65528
65525
65523
65520
65517
65514
65512
65509
65506
65503
65501
65498
65495
65493
65490
65488
65486
65484
65482
65480
65478
65476
65475
65474
65472
65471
65470
65469
65469
65468
65468
65468
65468
65468
65468
65468
65468
65468
65469
65469
65470
65470
65471
65471
65472
65472
65473
65473
65473
65474
65474
65474
65474
65474
65474
65474
65474
65474
65473
65473
65472
65471
65471
65470
65469
65468
65467
65466
65465
65464
65463
65462
65461
65460
65460
65459
65459
65458
65458
65458
65458
65458
65458
65458
65458
65458
65459
65460
65461
65462
65463
65464
65466
65467
65469
65471
65473
65476
65479
65482
65485
65488
65491
65495
65499
65503
65507
65512
65516
65521
65526
65531
1
6
11
17
23
28
34
40
45
51
57
63
68
74
80
85
91
96
101
106
110
115
119
124
128
131
135
138
141
144
147
150
152
154
156
158
160
161
163
164
165
166
167
168
168
169
170
170
170
171
171
171
171
171
171
170
170
169
168
167
166
165
163
162
160
157
155
152
149
146
143
140
136
132
128
123
119
114
109
104
98
93
88
82
77
71
66
60
54
49
43
38
32
26
21
15
10
4
65535
65529
65524
65519
65513
65508
65503
65498
65492
65487
65482
65477
65472
65467
65462
65457
65451
65446
65441
65436
65430
65425
65420
65415
65409
65404
65399
65394
65389
65384
65380
65375
65371
65366
65362
65359
65355
65352
65349
65346
65344
65342
65340
65338
65337
65337
65336
65336
65337
65337
65338
65339
65341
65342
65344
65347
65349
65352
65354
65357
65360
65363
65367
65370
65373
65377
65380
65384
65387
65391
65395
65398
65402
65406
65409
65413
65417
65421
65425
65429
65433
65438
65442
65447
65452
65457
65462
65467
65472
65478
65484
65489
65495
65501
65507
65513
65519
65525
65532
2
8
15
21
27
34
40
47
54
61
68
75
82
90
97
106
114
123
132
142
152
162
173
185
196
209
221
234
248
262
276
290
304
318
332
346
359
372
384
396
408
418
428
436
443
450
454
458
460
461
461
458
455
450
443
436
427
416
405
393
380
365
350
334
317
300
283
264
246
227
209
190
171
152
133
115
96
78
60
42
25
8
65527
65510
65494
65478
65462
65447
65432
65417
65403
65388
65375
65361
65348
65335
65323
65311
65300
65289
65279
65269
65260
65251
65243
65236
65229
65223
65217
65213
65209
65205
65203
65201
65200
65199
65199
65199
65200
65202
65204
65206
65209
65212
65215
65218
65222
65226
65229
65233
65236
65240
65244
65247
65250
65254
65257
65260
65263
65266
65269
65271
65274
65277
65279
65282
65285
65287
65290
65293
65296
65300
65303
65307
65312
65316
65321
65327
65333
65339
65345
65352
65360
65368
65376
65384
65393
65402
65412
65422
65432
65443
65453
65464
65475
65487
65498
65509
65521
65532
8
19
31
42
53
64
75
86
97
108
118
128
138
148
157
167
176
185
194
202
211
219
227
235
243
250
258
265
271
278
284
289
295
299
304
308
311
314
317
318
319
320
320
319
318
316
313
310
306
301
296
290
283
277
269
262
254
246
237
229
220
212
203
194
186
178
169
161
154
146
139
132
125
119
113
107
102
97
92
87
82
77
73
68
64
59
54
50
45
40
34
29
23
17
11
4
65533
65526
65519
65511
65503
65495
65486
65478
65469
65461
65452
65443
65434
65426
65417
65409
65400
65392
65384
65377
65370
65363
65357
65351
65345
65340
65335
65331
65327
65324
65321
65319
65317
65316
65315
65315
65316
65317
65318
65320
65323
65326
65330
65334
65339
65343
65349
65355
65361
65367
65374
65381
65388
65396
65403
65411
65419
65427
65436
65444
65453
65462
65471
65480
65489
65499
65508
65517
65527
0
10
19
29
38
48
57
66
75
84
93
102
110
119
127
134
142
149
155
162
167
172
177
181
184
186
188
190
191
191
191
190
189
187
185
183
180
178
175
172
169
166
163
161
159
157
156
156
156
156
157
159
161
164
168
172
176
181
186
192
198
204
209
215
221
226
231
236
240
243
245
247
248
247
246
244
240
236
230
224
216
207
197
186
174
161
147
132
116
100
84
66
49
31
13
65530
65512
65493
65474
65456
65438
65419
65402
65384
65367
65350
65333
65317
65302
65287
65272
65258
65245
65232
65219
65208
65197
65186
65177
65168
65159
65151
65144
65138
65132
65127
65123
65119
65116
65114
65113
65112
65113
65114
65116
65118
65122
65126
65131
65136
65143
65150
65158
65166
65175
65185
65196
65206
65218
65229
65242
65254
65267
65280
65293
65306
65320
65333
65347
65360
65373
65386
65399
65412
65424
65437
65448
65460
65471
65482
65492
65502
65511
65520
65529
1
9
17
24
31
38
45
51
57
63
69
75
81
87
93
99
105
111
117
123
129
135
142
148
154
161
167
174
181
187
194
200
207
213
219
225
230
236
241
246
250
255
259
262
265
268
270
272
273
274
274
274
273
272
271
269
266
263
260
256
251
246
240
233
227
219
211
203
194
185
175
164
154
142
130
118
106
93
79
66
52
38
23
9
65530
65516
65501
65487
65472
65458
65444
65430
65417
65403
65390
65378
65366
65354
65344
65333
65323
65314
65306
65298
65291
65285
65279
65275
65271
65268
65266
65264
65263
65263
65264
65266
65268
65271
65275
65280
65285
65291
65297
65303
65311
65318
65326
65335
65344
65353
65362
65372
65382
65392
65402
65411
65421
65431
65441
65451
65461
65470
65479
65488
65497
65505
65514
65521
65529
0
7
14
20
25
31
36
40
45
49
52
56
59
61
64
66
68
70
72
74
75
77
78
79
81
82
84
85
87
89
91
94
96
99
102
106
109
113
118
122
127
133
138
144
150
157
164
171
178
185
192
200
207
214
221
228
235
241
247
252
257
262
266
269
272
274
275
276
276
275
274
272
270
266
263
259
254
249
244
239
233
227
222
216
211
206
201
196
192
188
184
180
177
175
173
171
169
168
167
166
165
164
163
161
160
158
155
152
149
145
140
134
127
120
111
102
92
81
68
55
42
27
11
65531
65514
65497
65480
65462
65444
65426
65407
65389
65371
65353
65336
65319
65302
65286
65271
65255
65241
65227
65214
65202
65190
65179
65168
65158
65148
65140
65131
65123
65116
65109
65102
65095
65089
65083
65077
65071
65065
65060
65055
65050
65045
65041
65036
65033
65029
65026
65024
65022
65021
65020
65020
65021
65023
65026
65030
65034
65040
65047
65055
65064
65074
65085
65097
65111
65125
65140
65156
65173
65191
65209
65228
65248
65267
65288
65308
65329
65350
65371
65391
65412
65432
65452
65472
65491
65510
65528
9
27
43
59
74
89
103
117
131
143
156
168
179
190
201
211
222
231
241
250
259
268
276
284
292
299
306
312
318
323
328
332
335
338
340
341
342
341
341
339
337
334
330
326
320
315
308
301
293
285
276
267
258
249
239
229
219
209
198
188
177
167
156
146
136
126
116
107
97
87
78
68
59
50
40
31
22
13
3
65530
65521
65511
65502
65492
65483
65473
65464
65454
65445
65436
65427
65418
65409
65400
65392
65383
65375
65368
65360
65353
65347
65340
65335
65330
65325
65321
65317
65315
65312
65310
65309
65309
65309
65310
65311
65313
65316
65319
65323
65327
65332
65337
65343
65350
65357
65365
65373
65381
65390
65400
65410
65420
65431
65442
65454
65465
65478
65490
65503
65516
65529
6
19
33
47
61
74
88
102
116
129
142
155
168
180
192
204
215
226
237
247
256
265
273
281
288
294
300
305
309
313
316
318
320
321
322
322
321
320
318
316
313
309
306
301
297
292
287
282
277
271
265
259
253
247
241
235
229
223
218
212
206
201
196
191
186
181
176
172
168
164
160
156
152
148
144
140
136
132
128
124
119
114
109
104
98
91
85
78
70
63
55
46
37
28
18
8
65534
65523
65513
65502
65491
65479
65468
65457
65446
65435
65424
65413
65403
65393
65383
65374
65365
65357
65349
65341
65334
65328
65322
65316
65311
65307
65303
65299
65296
65293
65290
65288
65286
65284
65282
65280
65278
65277
65275
65274
65273
65271
65270
65269
65268
65266
65265
65264
65263
65262
65262
65261
65261
65261
65261
65262
65263
65265
65267
65269
65272
65275
65279
65284
65288
65294
65300
65306
65312
65319
65327
65335
65343
65351
65359
65368
65377
65385
65394
65402
65410
65417
65425
65432
65438
65444
65449
65454
65458
65462
65465
65467
65469
65471
65472
65472
65472
65472
65471
65470
65469
65468
65466
65465
65463
65462
65461
65460
65459
65459
65459
65459
65460
65462
65464
65467
65470
65474
65478
65483
65488
65494
65501
65508
65515
65523
65531
4
12
21
30
40
49
59
69
78
88
98
107
116
125
134
143
151
159
166
174
180
187
192
198
202
206
210
213
216
218
219
219
219
218
217
215
212
208
204
199
193
187
180
173
165
156
147
138
128
118
108
97
87
76
65
54
44
33
23
13
3
65530
65521
65512
65504
65496
65488
65481
65475
65469
65463
65458
65454
65449
65446
65442
65440
65437
65436
65434
65433
65433
65432
65432
65433
65433
65434
65436
65438
65440
65442
65445
65448
65451
65455
65459
65463
65467
65472
65477
65481
65486
65491
65496
65501
65506
65510
65515
65519
65524
65528
65532
0
3
6
9
12
14
16
18
20
21
22
24
25
26
26
27
28
30
31
32
34
36
39
41
44
48
51
55
60
65
70
75
81
87
93
99
105
111
117
123
129
134
140
145
149
153
157
159
162
164
165
165
165
165
164
162
159
157
153
149
145
140
135
130
124
118
112
105
99
93
86
80
74
67
61
55
48
42
36
30
24
18
11
5
65535
65529
65522
65516
65509
65503
65496
65490
65483
65477
65470
65464
65457
65450
65444
65437
65431
65425
65420
65414
65409
65405
65400
65397
65394
65391
65389
65387
65386
65386
65386
65387
65388
65390
65393
65396
65400
65405
65409
65415
65420
65426
65432
65439
65446
65453
65460
65467
65474
65480
65487
65493
65500
65505
65511
65516
65521
65525
65529
65532
65535
1
3
5
6
6
6
6
5
3
2
0
65533
65530
65527
65524
65521
65517
65514
65510
65507
65504
65501
65498
65495
65492
65490
65489
65487
65486
65486
65486
65487
65488
65490
65492
65496
65500
65505
65511
65517
65525
65533
6
16
26
37
48
60
72
85
98
111
124
137
150
163
175
187
199
209
219
228
236
243
249
253
256
258
258
257
255
251
245
238
230
220
209
197
183
169
153
137
120
102
84
65
47
28
9
65526
65508
65490
65472
65455
65439
65423
65408
65394
65381
65368
65357
65346
65337
65328
65321
65314
65309
65304
65300
65297
65295
65293
65292
65292
65292
65293
65294
65296
65298
65301
65304
65308
65312
65316
65320
65325
65331
65336
65342
65348
65355
65361
65368
65375
65382
65389
65396
65404
65411
65418
65425
65432
65439
65445
65452
65458
65463
65468
65473
65477
65480
65483
65485
65486
65487
65487
65486
65485
65483
65480
65477
65473
65469
65464
65458
65453
65447
65441
65435
65429
65423
65417
65411
65405
65400
65395
65390
65386
65382
65379
65376
65374
65373
65372
65372
65372
65373
65374
65376
65379
65382
65386
65390
65394
65399
65405
65410
65416
65423
65430
65437
65444
65451
65459
65467
65475
65483
65491
65499
65508
65516
65525
65534
6
15
24
32
41
49
57
65
72
80
87
93
100
105
111
116
120
124
127
130
132
134
135
136
136
135
134
133
131
129
126
123
119
116
112
108
104
100
95
91
87
83
79
76
73
70
67
64
62
59
57
56
54
53
52
51
51
51
51
51
51
52
52
52
53
53
53
54
54
54
54
54
54
53
53
52
51
50
49
48
46
44
42
39
37
34
31
28
24
21
17
13
9
4
65535
65530
65525
65520
65515
65510
65504
65499
65494
65489
65484
65480
65475
65471
65467
65463
65460
65457
65455
65453
65452
65452
65452
65453
65455
65457
65460
65464
65468
65473
65479
65485
65492
65500
65508
65516
65525
65535
8
18
28
38
48
58
68
77
86
95
103
111
118
124
130
135
139
143
146
148
149
150
150
149
147
145
142
138
134
129
124
119
113
106
100
93
86
79
72
65
58
51
44
37
31
25
19
13
9
4
0
65532
65529
65527
65525
65523
65522
65522
65522
65523
65524
65526
65529
65531
65535
3
7
12
17
22
28
34
40
45
51
57
63
68
73
78
83
87
90
93
95
96
96
96
94
92
89
85
80
75
68
61
52
43
33
22
10
65534
65522
65508
65495
65481
65466
65451
65436
65421
65406
65391
65376
65362
65347
65333
65319
65305
65292
65280
65267
65256
65245
65234
65224
65214
65205
65197
65189
65182
65175
65169
65164
65160
65156
65153
65150
65148
65147
65147
65148
65149
65151
65155
65159
65163
65169
65175
65183
65191
65200
65210
65220
65232
65244
65257
65271
65285
65300
65316
65332
65348
65365
65382
65399
65417
65435
65452
65470
65487
65505
65522
2
19
35
50
65
80
94
107
120
133
144
156
166
176
186
195
203
211
219
227
234
240
246
252
258
263
268
273
278
282
287
290
294
297
300
303
306
309
311
313
315
317
318
320
321
321
322
322
322
322
322
322
322
321
321
320
320
319
318
317
316
315
313
312
310
308
306
303
301
298
295
291
287
282
277
271
265
258
251
244
235
227
217
208
197
187
176
165
154
143
131
120
108
97
86
75
64
54
45
35
27
19
12
5
65535
65530
65526
65522
65519
65517
65515
65514
65514
65515
65516
65518
65520
65523
65527
65530
65534
3
8
13
18
