65527
65527
65527
65527
65528
65528
65528
65528
65529
65529
65529
65529
65530
65530
65530
65530
65531
65531
65531
65531
65532
65532
65532
65532
65533
65533
65533
65533
65533
65533
65534
65534
65534
65534
65534
65534
65535
65535
65535
65535
0
0
0
0
1
1
1
1
2
2
2
2
3
3
3
3
4
4
4
4
4
4
4
4
5
5
5
5
5
5
5
5
5
5
5
5
5
5
5
5
5
5
5
5
5
5
5
5
5
5
6
6
6
6
6
6
6
6
7
7
7
7
7
7
7
7
7
7
8
8
8
8
8
8
8
8
8
8
8
8
7
7
7
7
7
7
7
7
7
7
7
7
7
7
7
7
7
7
7
7
7
7
7
7
7
7
7
7
6
6
6
6
6
6
6
6
6
6
6
6
6
6
6
6
6
6
6
6
6
6
6
6
6
6
6
6
6
6
6
6
6
6
6
6
7
7
7
7
7
7
7
7
7
7
7
7
7
7
7
7
7
7
7
7
7
7
7
7
7
7
7
7
7
7
7
7
7
7
7
7
7
7
7
7
7
7
7
7
7
7
7
7
7
7
7
7
7
7
7
7
7
7
7
7
7
7
7
7
7
7
6
6
6
6
6
6
6
6
6
6
5
5
5
5
5
5
5
5
5
5
5
5
4
4
4
4
4
4
4
4
4
4
4
4
3
3
3
3
3
3
3
3
3
3
3
3
3
3
3
3
3
3
3
3
3
3
3
3
3
3
3
3
3
3
3
3
3
3
3
3
3
3
3
3
3
3
3
3
3
3
3
3
3
3
3
3
3
3
3
3
3
3
3
3
3
3
3
3
3
3
3
3
3
3
3
3
3
3
3
3
3
3
3
3
3
3
3
3
3
3
3
3
2
2
2
2
2
2
2
2
2
2
2
2
2
2
2
2
2
2
2
2
2
2
2
2
2
2
2
2
2
2
2
2
2
2
2
2
2
2
3
3
3
3
3
3
3
3
3
3
4
4
4
4
4
4
4
4
4
4
4
4
4
4
4
4
4
4
4
4
4
4
3
3
3
3
3
3
3
3
2
2
2
2
2
2
2
2
2
2
1
1
1
1
1
1
1
1
1
1
1
1
1
1
1
1
1
1
1
1
1
1
1
1
1
1
1
1
1
1
1
1
1
1
1
1
1
1
1
1
1
1
1
1
2
2
2
2
2
2
2
2
1
1
1
1
1
1
1
1
1
1
0
0
0
0
0
0
0
0
0
0
65535
65535
65535
65535
65535
65535
65535
65535
65535
65535
65535
65535
65535
65535
65535
65535
65535
65535
65535
65535
0
0
0
0
0
0
0
0
0
0
0
0
65535
65535
65535
65535
65535
65535
65535
65535
65535
65535
65534
65534
65534
65534
65534
65534
65534
65534
65534
65534
65534
65534
65534
65534
65534
65534
65534
65534
65534
65534
65534
65534
65534
65534
65534
65534
65534
65534
65534
65534
65534
65534
65534
65534
65535
65535
65535
65535
65535
65535
65535
65535
65535
65535
65535
65535
65535
65535
65535
65535
65535
65535
65535
65535
65535
65535
65535
65535
65535
65535
65535
65535
65535
65535
65535
65535
0
0
0
0
0
0
0
0
65535
65535
65535
65535
65535
65535
65535
65535
65535
65535
65535
65535
65534
65534
65534
65534
65534
65534
65534
65534
65534
65534
65534
65534
65534
65534
65534
65534
65534
65534
65534
65534
65534
65534
65534
65534
65534
65534
65534
65534
65534
65534
65534
65534
65534
65534
65534
65534
65535
65535
65535
65535
65535
65535
65535
65535
65535
65535
65535
65535
0
0
0
0
0
0
0
0
0
0
1
1
1
1
1
1
1
1
1
1
2
2
2
2
2
2
2
2
2
2
3
3
3
3
3
3
3
3
4
4
4
4
4
4
4
4
4
4
5
5
5
5
5
5
5
5
4
4
4
4
4
4
4
4
4
4
4
4
4
4
4
4
4
4
4
4
4
4
4
4
4
4
5
5
5
5
5
5
5
5
5
5
6
6
6
6
6
6
6
6
6
6
6
6
6
6
6
6
6
6
6
6
6
6
6
6
6
6
6
6
6
6
6
6
6
6
6
6
6
6
6
6
7
7
7
7
7
7
7
7
7
7
7
7
7
7
7
7
7
7
7
7
7
7
7
7
7
7
7
7
6
6
6
6
6
6
6
6
6
6
6
6
6
6
6
6
6
6
6
6
6
6
6
6
7
7
7
7
7
7
7
7
7
7
7
7
8
8
8
8
8
8
8
8
8
8
8
8
9
9
9
9
9
9
9
9
9
9
9
9
9
9
9
9
8
8
8
8
8
8
8
8
8
8
8
8
7
7
7
7
7
7
7
7
6
6
6
6
5
5
5
5
4
4
4
4
4
4
3
3
3
3
3
3
3
3
3
3
3
3
3
3
3
3
3
3
3
3
4
4
4
4
4
4
4
4
4
4
5
5
5
5
5
5
5
5
5
5
5
5
5
5
5
5
5
5
5
5
4
4
4
4
4
4
4
4
4
4
4
4
4
4
4
4
4
4
4
4
4
4
4
4
5
5
5
5
5
5
6
6
6
6
6
6
7
7
7
7
7
7
8
8
8
8
8
8
8
8
8
8
9
9
9
9
9
9
9
9
9
9
9
9
9
9
9
9
9
9
9
9
9
9
9
9
9
9
9
9
9
9
9
9
9
9
9
9
10
10
10
10
10
10
10
10
9
9
9
9
9
9
9
9
9
9
8
8
8
8
8
8
8
8
7
7
7
7
7
7
7
7
6
6
6
6
6
6
6
6
6
6
6
6
6
6
6
6
6
6
6
6
6
6
6
6
6
6
6
6
7
7
7
7
7
7
8
8
8
8
9
9
9
9
10
10
10
10
11
11
11
11
12
12
12
12
13
13
13
13
14
14
14
14
15
15
15
15
16
16
16
16
17
17
17
17
18
18
18
18
19
19
19
20
20
20
21
21
22
22
23
23
24
24
25
25
26
26
27
27
27
28
28
28
29
29
29
29
29
29
29
29
29
29
28
28
27
26
26
25
24
23
22
21
20
19
17
16
15
14
12
11
10
8
7
5
4
3
1
0
65535
65533
65532
65530
65529
65528
65526
65525
65524
65523
65522
65521
65520
65519
65519
65518
65517
65516
65516
65515
65514
65514
65513
65513
65513
65512
65512
65512
65512
65512
65512
65512
65512
65512
65512
65512
65512
65512
65512
65512
65512
65512
65512
65512
65511
65511
65511
65511
65511
65511
65511
65511
65510
65510
65510
65509
65509
65509
65508
65508
65507
65507
65506
65506
65505
65504
65504
65503
65502
65502
65501
65501
65500
65500
65499
65499
65499
65499
65499
65499
65499
65499
65499
65499
65499
65499
65500
65500
65501
65502
65502
65503
65504
65505
65506
65507
65508
65509
65511
65512
65513
65515
65516
65518
65519
65521
65522
65524
65525
65527
65528
65530
65531
65533
65534
0
1
2
4
5
6
8
9
11
12
13
15
16
17
19
20
22
23
25
26
28
29
31
32
34
36
37
39
41
43
45
47
49
51
53
55
57
59
61
63
65
67
69
71
73
75
77
79
80
82
83
84
85
86
87
88
88
88
88
88
87
86
85
84
82
81
78
76
73
70
67
64
61
57
53
49
44
40
35
31
26
21
16
12
7
2
65533
65529
65524
65520
65515
65511
65507
65503
65500
65497
65494
65491
65488
65485
65483
65481
65479
65477
65476
65474
65473
65472
65471
65470
65469
65468
65467
65466
65465
65464
65463
65463
65462
65461
65461
65461
65460
65460
65460
65460
65461
65462
65463
65464
65466
65468
65471
65474
65477
65481
65486
65491
65496
65502
65508
65515
65523
65530
2
11
19
28
37
46
55
65
74
83
91
100
108
116
123
130
137
143
148
153
157
161
164
166
168
169
169
169
168
166
164
162
159
155
152
148
143
138
133
128
123
117
112
106
100
94
88
83
77
71
65
59
54
48
43
37
32
27
22
16
11
6
1
65533
65528
65523
65518
65514
65509
65505
65500
65496
65492
65488
65484
65481
65477
65474
65471
65468
65465
65462
65459
65457
65455
65453
65451
65449
65448
65446
65444
65443
65441
65440
65439
65437
65436
65435
65434
65433
65432
65430
65429
65428
65426
65424
65422
65420
65418
65416
65414
65412
65410
65408
65406
65404
65402
65399
65397
65395
65393
65391
65389
65387
65386
65384
65383
65382
65381
65381
65380
65380
65380
65381
65381
65382
65383
65385
65386
65388
65390
65392
65394
65396
65399
65401
65404
65406
65409
65412
65415
65418
65421
65425
65428
65431
65435
65438
65442
65445
65449
65453
65457
65461
65466
65470
65475
65480
65485
65490
65496
65502
65508
65515
65521
65528
0
7
15
23
31
40
48
57
66
75
84
94
103
112
121
131
140
149
158
167
175
184
192
200
207
215
222
229
235
241
247
253
258
263
268
272
276
280
284
287
289
292
294
295
297
298
298
299
298
298
297
295
293
291
288
284
280
276
271
265
259
252
245
238
229
221
212
202
192
182
171
160
149
137
125
113
101
89
77
64
52
40
28
16
4
65528
65517
65506
65495
65484
65473
65463
65453
65444
65434
65425
65416
65408
65399
65391
65382
65374
65367
65359
65351
65344
65337
65330
65322
65315
65308
65302
65295
65288
65281
65275
65268
65262
65256
65250
65244
65239
65234
65229
65225
65220
65217
65213
65210
65208
65205
65204
65203
65202
65202
65202
65204
65205
65207
65210
65213
65217
65221
65225
65230
65236
65242
65248
65255
65262
65269
65276
65283
65291
65299
65307
65315
65323
65331
65339
65347
65355
65363
65371
65379
65388
65396
65404
65413
65421
65429
65438
65447
65456
65465
65474
65483
65492
65502
65511
65521
65531
5
15
25
36
46
56
66
77
87
97
107
118
128
138
148
158
168
177
187
197
207
217
227
237
247
257
268
279
290
302
313
326
338
351
364
377
391
405
420
434
448
463
477
491
505
518
531
543
554
564
573
581
588
593
597
599
600
599
596
591
584
575
565
553
539
523
506
487
466
444
421
397
372
345
319
291
263
235
207
178
149
121
93
65
37
10
65520
65494
65468
65444
65420
65396
65374
65352
65331
65311
65291
65272
65253
65235
65218
65201
65185
65170
65155
65140
65127
65113
65100
65088
65076
65065
65054
65044
65034
65025
65016
65008
65000
64993
64986
64980
64975
64970
64966
64962
64960
64957
64955
64954
64953
64953
64953
64954
64955
64957
64959
64961
64964
64967
64971
64974
64979
64983
64988
64994
65000
65006
65013
65020
65027
65035
65044
65053
65063
65074
65085
65098
65110
65124
65139
65154
65171
65188
65206
65224
65244
65265
65286
65308
65331
65355
65379
65404
65429
65455
65481
65508
65534
25
52
78
104
130
156
181
205
229
252
274
295
315
335
353
370
386
401
414
427
439
449
458
467
474
481
486
491
496
499
502
505
507
509
510
511
512
513
513
513
513
513
513
513
513
512
511
510
509
507
504
502
499
495
491
486
481
475
468
461
453
444
435
425
414
402
390
377
364
350
335
320
305
289
273
256
239
222
205
188
171
153
136
118
101
83
66
48
30
13
65531
65513
65495
65477
65459
65440
65422
65403
65384
65364
65345
65325
65305
65285
65265
65245
65224
65204
65184
65164
65144
65124
65105
65086
65068
65050
65033
65017
65001
64987
64973
64961
64949
64939
64930
64923
64917
64912
64908
64906
64905
64906
64908
64912
64917
64924
64931
64940
64951
64962
64975
64988
65003
65019
65035
65053
65071
65090
65110
65130
65151
65172
65194
65216
65238
65261
65283
65306
65329
65352
65376
65399
65422
65445
65469
65492
65515
2
24
47
69
92
114
135
157
178
199
220
240
260
280
299
318
337
355
372
389
406
421
436
451
464
477
489
500
511
520
529
536
543
549
554
558
562
564
566
567
568
568
567
567
566
564
563
561
560
558
556
555
554
553
553
553
553
554
556
557
559
562
564
567
570
572
575
577
579
580
581
581
580
578
575
571
565
558
549
538
525
511
495
477
456
434
411
385
357
328
297
264
230
194
157
119
80
40
65535
65494
65452
65409
65366
65324
65281
65238
65196
65154
65113
65073
65034
64995
64958
64921
64886
64852
64820
64789
64760
64732
64707
64683
64661
64640
64622
64606
64593
64581
64571
64564
64559
64556
64555
64556
64560
64565
64573
64583
64595
64609
64624
64642
64661
64682
64704
64728
64752
64778
64805
64833
64862
64891
64920
64950
64980
65009
65039
65068
65097
65126
65153
65181
65207
65233
65257
65281
65304
65326
65346
65366
65384
65401
65418
65433
65448
65461
65474
65487
65498
65510
65520
65531
5
16
26
36
47
58
69
81
94
107
121
135
150
166
183
201
219
238
258
278
299
321
343
366
389
412
435
458
481
503
526
547
568
589
608
626
643
659
674
687
699
710
718
725
731
734
736
736
734
731
726
719
711
700
688
675
660
644
626
607
586
565
542
518
494
468
442
414
386
357
328
298
268
238
207
176
145
114
83
52
21
65527
65497
65467
65438
65409
65381
65353
65327
65301
65276
65252
65229
65208
65187
65167
65149
65132
65116
65101
65087
65075
65064
65054
65045
65038
65031
65026
65022
65019
65016
65015
65014
65015
65016
65017
65020
65023
65026
65030
65035
65040
65045
65051
65057
65063
65070
65077
65084
65092
65099
65107
65116
65124
65133
65142
65151
65161
65171
65181
65191
65202
65213
65224
65235
65246
65257
65269
65281
65293
65305
65318
65330
65342
65355
65367
65379
65392
65404
65416
65428
65440
65452
65464
65476
65488
65500
65512
65524
0
12
24
36
49
62
75
89
103
118
133
148
164
181
198
216
234
253
273
293
313
334
356
378
400
422
445
468
490
512
535
556
577
598
618
636
654
671
686
700
712
723
732
739
744
747
749
748
745
741
734
725
715
703
689
674
657
639
619
599
578
556
534
511
488
466
443
421
399
378
357
338
320
302
286
271
257
244
232
222
212
203
196
189
183
177
172
167
163
158
153
148
143
136
130
122
114
104
93
81
68
54
38
22
3
65520
65499
65477
65454
65430
65405
65379
65352
65325
65296
65268
65238
65209
65179
65149
65118
65088
65058
65029
64999
64970
64941
64913
64885
64858
64832
64806
64781
64757
64733
64711
64689
64669
64649
64631
64614
64598
64584
64571
64559
64549
64541
64534
64529
64526
64526
64527
64530
64535
64542
64552
64564
64578
64594
64612
64632
64655
64680
64707
64736
64767
64799
64833
64869
64906
64945
64984
65024
65065
65107
65149
65191
65233
65276
65317
65358
65399
65438
65477
65514
14
49
83
114
145
173
200
226
249
271
291
310
327
343
357
370
382
393
403
411
419
426
432
438
443
447
452
456
459
463
466
469
472
474
477
479
481
483
485
487
488
489
490
491
491
491
490
490
488
486
484
482
479
475
472
467
463
458
453
447
442
436
430
424
417
411
404
397
390
383
376
368
361
353
344
336
327
317
307
296
284
272
259
246
231
215
199
181
163
143
123
101
78
54
30
4
65514
65486
65459
65430
65401
65372
65342
65313
65283
65254
65224
65196
65168
65140
65114
65088
65063
65040
65017
64996
64977
64959
64943
64928
64916
64905
64895
64888
64882
64879
64877
64877
64879
64882
64888
64895
64904
64914
64927
64940
64956
64973
64991
65011
65032
65055
65078
65103
65128
65155
65183
65211
65241
65271
65301
65332
65363
65395
65427
65458
65490
65521
16
47
76
106
134
161
188
213
237
259
280
299
317
333
347
360
371
380
387
393
397
399
400
400
399
396
392
388
382
376
370
363
357
350
343
337
332
327
323
320
318
317
317
319
322
326
332
339
347
357
368
381
394
409
425
441
458
476
494
512
530
548
565
582
598
613
627
640
652
661
669
675
679
681
681
679
675
668
659
647
633
617
599
579
557
533
507
480
451
421
390
357
324
290
256
222
187
152
118
84
50
17
65521
65490
65459
65430
65401
65374
65348
65323
65299
65276
65255
65235
65216
65198
65182
65166
65152
65138
65125
65114
65103
65093
65083
65074
65066
65058
65051
65043
65037
65031
65025
65019
65014
65009
65004
64999
64994
64990
64986
64982
64978
64974
64970
64966
64963
64959
64956
64953
64950
64948
64945
64943
64941
64939
64938
64937
64936
64935
64935
64936
64936
64938
64940
64942
64945
64949
64953
64958
64964
64970
64978
64986
64995
65006
65017
65029
65042
65056
65071
65087
65104
65122
65141
65161
65181
65203
65225
65248
65272
65297
65322
65347
65373
65399
65426
65452
65479
65505
65531
21
46
71
96
119
142
165
186
206
225
243
260
275
290
303
315
325
335
343
350
356
360
364
367
369
370
370
369
368
366
364
361
357
354
349
345
340
336
331
326
321
316
311
306
301
296
291
286
281
276
271
266
260
255
249
243
237
231
225
219
213
207
201
195
189
183
176
170
164
158
153
147
142
138
133
129
125
121
118
116
113
111
110
109
108
107
107
107
107
107
107
107
107
107
107
106
106
105
103
102
99
97
93
89
85
80
74
68
61
53
44
36
26
16
5
65530
65518
65506
65493
65479
65466
65452
65438
65424
65409
65395
65381
65367
65353
65340
65327
65314
65302
65291
65280
65270
65261
65252
65245
65239
65234
65230
65227
65226
65226
65227
65230
65234
65239
65246
65254
65263
65274
65286
65299
65313
65328
65343
65360
65377
65395
65413
65431
65450
65468
65486
65505
65522
3
20
36
50
64
77
88
98
107
114
120
125
128
130
130
129
127
123
118
113
106
98
90
80
70
60
49
38
27
16
5
65531
65520
65510
65501
65492
65483
65476
65469
65463
65458
65453
65450
65447
65446
65445
65445
65446
65448
65450
65454
65458
65463
65468
65474
65481
65487
65495
65502
65510
65518
65526
65535
7
15
23
31
39
46
54
61
67
73
79
84
89
93
97
100
103
106
107
109
110
110
110
110
109
107
106
104
102
100
97
95
92
90
87
84
81
79
76
74
71
69
67
65
64
63
61
60
60
59
58
58
57
57
57
57
57
58
58
59
59
60
60
61
61
62
62
63
64
64
65
66
67
68
69
70
71
72
73
75
76
77
79
80
82
83
84
85
86
87
87
88
87
87
86
84
82
79
76
72
67
62
55
48
40
32
22
12
1
65525
65513
65501
65487
65474
65460
65445
65431
65416
65401
65387
65372
65358
65345
65332
65319
65308
65297
65286
65277
65269
65262
65256
65250
65246
65243
65241
65240
65240
65241
65242
65245
65249
65253
65258
65263
65269
65275
65281
65288
65294
65301
65307
65314
65320
65326
65332
65337
65342
65347
65352
65356
65359
65363
65366
65369
65372
65374
65376
65378
65381
65383
65385
65387
65390
65393
65395
65398
65401
65405
65408
65412
65416
65420
65424
65429
65434
65439
65444
65449
65454
65460
65465
65471
65476
65482
65488
65493
65499
65505
65511
65517
65523
65529
65535
5
12
19
26
33
40
48
56
64
73
83
92
102
112
122
132
143
153
164
174
185
195
205
214
223
231
239
246
252
257
261
264
266
267
266
264
261
257
251
244
236
227
217
205
193
180
166
151
135
119
102
85
68
51
34
16
65535
65519
65502
65486
65471
65457
65443
65430
65417
65406
65395
65386
65377
65369
65363
65357
65353
65349
65346
65345
65344
65344
65345
65347
65350
65353
65357
65362
65367
65373
65379
65386
65392
65399
65406
65414
65421
65428
65435
65442
65449
65455
65461
65467
65472
65476
65480
65483
65485
65487
65488
65488
65487
65486
65484
65481
65477
65472
65467
65461
65454
65447
65439
65431
65422
65413
65404
65394
65384
65374
65364
65354
65344
65334
65325
65316
65308
65300
65293
65287
65281
65276
65272
65270
65268
65267
65267
65269
65272
65275
65280
65287
65294
65303
65313
65323
65335
65348
65362
65377
65393
65410
65428
65446
65465
65484
65504
65525
10
31
52
73
94
115
136
157
177
197
217
236
254
271
288
304
318
332
345
357
368
378
386
394
400
406
410
414
416
417
418
417
416
413
410
406
402
397
391
384
378
370
362
354
346
337
328
318
309
299
289
280
270
260
250
241
231
221
212
203
194
185
176
168
159
151
143
135
128
121
114
107
100
94
88
82
76
71
66
60
55
50
45
40
35
30
25
20
15
9
4
65533
65527
65520
65513
65506
65498
65489
65480
65471
65461
65451
65439
65428
65416
65403
65390
65376
65362
65347
65332
65317
65301
65285
65268
65252
65236
65219
65203
65187
65170
65154
65138
65123
65108
65093
65079
65066
65053
65042
65030
65020
65011
65002
64995
64988
64983
64978
64974
64972
64970
64970
64970
64972
64975
64979
64984
64990
64997
65005
65015
65025
65036
65048
65061
65076
65091
65107
65123
65141
65160
65179
65199
65220
65241
65263
65285
65308
65332
65355
65379
65402
65426
65450
65473
65496
65519
6
28
49
70
90
109
128
145
162
178
193
206
219
231
242
251
260
268
275
282
288
293
297
301
305
308
312
315
318
322
325
329
333
337
342
348
354
360
367
374
382
390
399
409
418
428
438
448
459
469
479
490
500
509
518
527
535
543
549
555
560
564
567
569
570
569
568
565
562
557
551
543
535
525
515
503
490
477
462
447
431
414
396
378
359
340
320
300
280
259
239
218
197
176
156
135
115
96
76
57
39
21
4
65524
65508
65493
65479
65466
65454
65443
65433
65423
65415
65408
65401
65395
65391
65387
65384
65382
65381
65381
65381
65383
65385
65388
65391
65395
65399
65404
65410
65416
65422
65429
65436
65443
65450
65457
65465
65473
65481
65488
65496
65504
65512
65519
65527
65534
5
12
18
25
31
37
43
48
53
58
63
68
72
77
81
84
88
91
94
97
100
103
105
107
109
110
111
112
112
112
111
110
108
106
103
99
94
