65417
65425
65433
65441
65450
65459
65468
65478
65488
65499
65509
65520
65531
6
17
28
39
49
60
70
80
90
99
107
115
123
130
137
143
148
153
156
160
162
164
165
165
164
163
161
158
154
150
145
140
134
128
122
115
107
100
92
84
76
69
61
53
45
37
30
23
16
9
3
65533
65528
65523
65518
65514
65510
65507
65504
65502
65500
65498
65497
65497
65497
65497
65497
65498
65500
65501
65503
65505
65507
65509
65511
65514
65516
65519
65521
65524
65526
65528
65530
65532
65534
65535
1
2
2
2
2
2
1
0
65534
65533
65531
65528
65526
65523
65519
65516
65512
65508
65504
65500
65496
65491
65487
65482
65478
65473
65469
65465
65461
65457
65453
65450
65446
65443
65441
65439
65437
65436
65435
65435
65435
65435
65436
65438
65440
65442
65445
65449
65452
65457
65461
65466
65472
65478
65484
65491
65498
65506
65513
65522
65530
3
11
20
29
38
47
56
65
74
83
92
101
109
118
125
133
140
147
154
160
166
171
176
180
184
188
191
193
195
197
198
198
199
199
198
197
196
195
193
191
189
186
184
182
179
177
175
172
170
168
166
164
162
160
158
156
155
153
151
150
148
146
144
142
140
138
135
131
128
123
119
114
108
102
95
87
79
70
61
51
40
29
17
4
65527
65514
65500
65486
65471
65457
65442
65427
65412
65397
65383
65368
65354
65340
65326
65313
65301
65289
65278
65268
65259
65250
65242
65235
65228
65223
65218
65215
65212
65210
65209
65208
65209
65210
65212
65214
65217
65221
65226
65230
65236
65242
65248
65254
65261
65269
65276
65284
65292
65300
65308
65316
65324
65332
65340
65348
65355
65362
65370
65377
65384
65390
65397
65403
65409
65414
65419
65424
65429
65433
65438
65441
65445
65448
65452
65455
65458
65461
65464
65467
65470
65473
65476
65480
65483
65487
65490
65495
65499
65504
65509
65514
65520
65526
65532
2
9
17
24
32
40
49
57
66
75
83
92
101
110
119
128
137
145
153
161
168
175
182
188
193
198
202
205
208
210
212
212
212
212
210
208
205
201
197
191
185
178
171
163
154
145
135
124
114
102
90
78
66
53
40
27
14
0
65523
65510
65497
65484
65472
65459
65447
65436
65424
65413
65403
65393
65384
65375
65367
65359
65352
65346
65340
65336
65331
65328
65325
65323
65322
65321
65321
65322
65324
65326
65328
65331
65335
65339
65344
65349
65354
65360
65366
65372
65379
65385
65391
65398
65404
65410
65417
65423
65429
65434
65439
65444
65448
65452
65456
65459
65462
65464
65465
65466
65467
65467
65467
65467
65466
65465
65463
65461
65459
65457
65455
65453
65451
65449
65447
65445
65443
65442
65442
65441
65442
65443
65444
65446
65448
65451
65455
65460
65465
65470
65477
65484
65491
65499
65508
65517
65527
1
11
22
34
45
57
69
80
92
104
116
127
139
150
161
172
183
193
203
213
222
230
239
246
254
261
267
273
279
284
288
292
296
299
301
303
305
306
306
306
306
305
304
302
301
298
296
293
290
286
282
278
273
269
264
259
254
249
243
238
233
229
224
219
215
210
206
202
199
195
192
190
187
185
184
182
181
180
179
179
179
179
178
178
178
177
176
175
174
172
169
166
162
158
152
146
139
130
121
111
99
86
73
58
42
25
7
65523
65503
65482
65460
65437
65414
65390
65365
65340
65315
65290
65265
65240
65215
65191
65167
65144
65122
65101
65080
65061
65043
65026
65011
64997
64984
64974
64965
64957
64951
64947
64945
64944
64946
64948
64953
64959
64966
64975
64985
64997
65010
65024
65039
65055
65071
65089
65107
65125
65144
65164
65184
65204
65223
65243
65263
65283
65302
65320
65338
65356
65373
65389
65405
65420
65434
65448
65460
65472
65483
65493
65502
65510
65518
65525
65531
0
5
9
13
16
19
22
24
26
28
30
31
33
35
37
39
41
44
46
49
53
56
60
65
69
74
80
85
91
98
104
111
119
126
134
142
150
157
165
173
181
189
197
205
212
219
226
233
239
245
250
255
260
263
266
269
271
272
272
272
270
268
265
261
256
250
243
235
226
216
205
193
181
167
152
137
121
104
87
70
52
33
14
65531
65512
65493
65474
65455
65436
65418
65400
65383
65366
65350
65335
65320
65307
65294
65283
65272
65262
65254
65247
65240
65235
65231
65228
65226
65225
65225
65227
65229
65232
65236
65242
65247
65254
65262
65270
65279
65288
65298
65308
65319
65330
65341
65353
65365
65376
65388
65400
65412
65423
65434
65445
65455
65465
65475
65484
65492
65500
65507
65513
65519
65524
65528
65532
65534
1
2
3
3
2
1
0
65534
65532
65529
65527
65524
65521
65519
65516
65514
65512
65510
65509
65508
65508
65508
65509
65511
65514
65518
65522
65528
65534
5
13
21
31
41
52
64
76
88
102
115
129
143
158
172
187
202
217
231
245
259
273
286
299
311
322
333
343
353
362
369
377
383
388
393
396
399
401
402
402
401
399
396
393
388
383
376
369
361
351
342
331
320
308
295
281
267
253
238
222
207
190
174
158
141
124
108
91
74
58
42
25
9
65530
65514
65499
65484
65470
65455
65442
65428
65415
65403
65390
65378
65367
65355
65344
65333
65323
65313
65303
65293
65283
65274
65265
65256
65247
65239
65231
65223
65216
65208
65201
65194
65188
65181
65176
65171
65166
65162
65158
65155
65152
65150
65149
65148
65148
65149
65151
65153
65156
65159
65163
65168
65174
65181
65188
65195
65204
65213
65222
65232
65243
65253
65265
65276
65288
65300
65313
65326
65339
65352
65365
65379
65392
65406
65419
65433
65447
65460
65473
65487
65500
65513
65526
2
15
27
40
52
63
75
86
97
108
118
128
138
147
156
165
174
182
189
197
204
211
217
223
229
234
239
243
247
251
254
257
259
261
263
264
264
265
264
264
262
260
258
255
252
248
243
238
232
226
219
211
203
195
186
176
166
155
144
132
120
107
95
81
68
54
40
25
11
65533
65518
65504
65489
65474
65460
65445
65431
65416
65402
65388
65374
65361
65348
65335
65322
65310
65299
65287
65276
65265
65255
65245
65235
65225
65217
65208
65200
65192
65185
65178
65172
65167
65162
65157
65153
65150
65147
65145
65144
65143
65143
65144
65145
65148
65150
65154
65158
65163
65169
65175
65182
65190
65198
65207
65216
65226
65237
65248
65260
65273
65285
65299
65312
65326
65340
65355
65370
65385
65400
65415
65430
65445
65461
65476
65491
65506
65521
0
15
30
44
59
72
86
99
112
124
136
148
159
169
180
189
198
207
215
223
230
236
242
248
252
257
261
264
267
269
271
273
274
275
275
275
275
275
274
273
272
271
270
269
267
266
264
263
261
259
258
256
254
253
251
249
247
245
243
241
238
236
233
230
226
223
219
215
211
206
201
195
189
183
176
168
160
151
142
133
122
112
101
89
77
65
53
40
26
13
65535
65521
65506
65492
65478
65463
65449
65435
65421
65407
65393
65380
65366
65353
65341
65328
65316
65305
65293
65283
65272
65263
65253
65244
65236
65227
65220
65212
65205
65199
65193
65187
65181
65176
65172
65167
65163
65160
65156
65154
65151
65150
65148
65147
65147
65147
65147
65148
65150
65152
65155
65159
65163
65168
65173
65180
65187
65194
65202
65211
65220
65230
65241
65252
65263
65275
65287
65299
65312
65324
65337
65350
65363
65375
65388
65400
65412
65424
65435
65446
65457
65467
65477
65486
65494
65503
65510
65518
65525
65531
2
8
14
20
25
31
37
42
48
54
60
67
73
80
88
95
103
112
121
130
140
150
160
171
182
193
205
217
229
241
253
266
278
290
303
315
327
339
350
361
372
383
393
404
413
423
431
440
448
455
462
469
475
480
485
489
493
496
498
499
500
500
499
498
495
492
487
482
476
469
460
451
441
429
417
403
389
374
357
340
321
302
282
261
240
217
195
171
148
123
99
75
50
26
1
65513
65490
65466
65443
65421
65399
65378
65358
65339
65320
65302
65286
65270
65255
65241
65228
65216
65205
65194
65185
65177
65169
65163
65157
65152
65147
65143
65140
65137
65135
65133
65131
65130
65130
65129
65129
65129
65129
65129
65129
65130
65130
65130
65131
65131
65131
65132
65132
65132
65132
65132
65132
65132
65132
65132
65132
65132
65132
65131
65131
65131
65131
65131
65131
65131
65132
65132
65133
65134
65135
65136
65138
65141
65143
65147
65151
65155
65160
65166
65172
65179
65187
65195
65205
65215
65226
65238
65250
65264
65277
65292
65307
65323
65340
65357
65374
65392
65410
65428
65447
65465
65484
65502
65521
3
20
37
54
70
85
99
113
125
137
148
157
166
174
180
186
190
194
197
198
199
198
197
195
192
189
184
180
174
168
162
156
149
142
134
127
120
112
105
97
90
83
76
69
62
56
50
44
39
34
29
25
22
18
15
13
11
10
9
8
8
8
9
10
11
12
14
16
18
21
23
26
29
32
34
37
39
41
43
44
46
47
47
47
47
45
44
42
39
35
31
26
21
15
8
0
65527
65518
65509
65499
65488
65477
65465
65453
65440
65427
65414
65401
65388
65375
65362
65349
65336
65324
65312
65301
65291
65281
65272
65264
65257
65252
65247
65244
65242
65242
65243
65246
65250
65256
65263
65271
65281
65293
65305
65319
65335
65351
65368
65387
65406
65426
65446
65467
65488
65510
65531
17
38
59
80
100
119
138
156
172
188
203
217
230
242
253
263
272
280
287
293
299
304
308
311
314
317
319
321
322
323
325
326
327
328
329
330
331
332
333
334
335
336
337
338
338
339
340
340
340
340
339
338
337
335
333
331
328
324
320
316
311
306
300
294
287
280
272
264
256
247
238
229
219
209
199
188
177
165
154
142
130
118
105
92
79
66
52
38
24
10
65532
65518
65503
65489
65474
65459
65444
65429
65414
65400
65385
65371
65357
65343
65330
65317
65304
65292
65280
65269
65259
65249
65239
65231
65223
65215
65209
65203
65198
65194
65190
65188
65186
65185
65185
65185
65187
65189
65191
65194
65198
65203
65207
65213
65219
65225
65232
65239
65246
65254
65262
65270
65278
65286
65294
65302
65310
65318
65326
65333
65340
65347
65354
65361
65367
65373
65379
65384
65389
65394
65399
65403
65407
65411
65414
65417
65421
65424
65426
65429
65432
65434
65437
65439
65441
65444
65446
65448
65451
65453
65456
65459
65461
65464
65468
65471
65474
65477
65481
65484
65488
65492
65496
65500
65504
65508
65512
65516
65521
65525
65529
65534
2
6
11
15
19
24
28
32
36
40
44
48
51
55
58
61
64
67
70
73
75
77
79
81
83
85
86
87
88
89
90
91
91
91
91
91
90
90
89
88
87
85
84
83
81
79
77
75
73
70
68
65
62
58
55
52
48
44
40
36
31
27
22
17
13
8
3
65533
65528
65523
65518
65513
65508
65504
65499
65495
65491
65488
65485
65482
65480
65478
65477
65476
65476
65477
65477
65479
65481
65484
65487
65491
65495
65500
65506
65511
65517
65524
65530
1
8
15
22
30
37
44
50
57
63
69
74
79
84
88
92
95
98
100
101
102
103
103
103
102
101
100
98
96
93
91
88
86
83
80
77
74
71
68
66
63
60
58
56
54
53
51
50
49
48
47
46
46
46
46
46
46
46
45
45
45
45
45
45
45
44
44
43
42
40
39
37
35
33
30
27
24
21
17
13
9
4
65535
65530
65524
65518
65512
65506
65499
65491
65484
65476
65468
65460
65451
65443
65434
65425
65415
65406
65397
65387
65377
65367
65358
65348
65338
65328
65318
65309
65300
65291
65282
65274
65266
65258
65251
65244
65238
65233
65228
65224
65220
65217
65215
65213
65212
65212
65212
65213
65214
65216
65219
65222
65226
65231
65235
65240
65246
65251
65257
65263
65269
65275
65282
65288
65294
65300
65306
65312
65317
65323
65328
65333
65337
65342
65346
65350
65354
65358
65361
65364
65368
65371
65374
65377
65380
65383
65387
65390
65394
65397
65401
65405
65410
65414
65419
65425
65430
65436
65442
65448
65455
65461
65468
65475
65483
65490
65497
65505
65513
65520
65528
0
7
15
23
30
38
45
53
60
67
74
81
88
95
102
110
117
124
132
139
147
155
163
171
179
188
196
205
214
223
232
242
251
260
270
279
288
297
306
314
322
330
337
343
349
354
358
362
365
367
368
368
367
366
364
360
356
351
345
339
331
323
314
305
295
285
274
263
252
240
229
217
206
194
182
171
160
149
138
128
118
108
98
90
81
73
65
58
51
44
37
31
24
19
13
7
2
65533
65528
65522
65517
65512
65507
65501
65496
65491
65485
65480
65474
65468
65462
65456
65450
65444
65438
65432
65426
65420
65414
65407
65401
65395
65388
65382
65376
65370
65364
65358
65353
65347
65341
65336
65331
65326
65322
65317
65313
65310
65306
65304
65301
65299
65297
65296
65295
65295
65295
65296
65297
65299
65301
65303
65307
65310
65314
65319
65324
65330
65336
65342
65349
65356
65364
65372
65380
65388
65397
65406
65415
65424
65433
65442
65452
65461
65470
65480
65489
65498
65507
65516
65525
65534
7
16
24
32
40
48
56
63
71
78
84
91
97
102
108
113
117
122
125
129
131
134
135
136
137
137
137
136
135
133
130
127
123
119
114
108
102
96
89
82
75
67
59
51
43
34
26
18
9
1
65529
65521
65514
65506
65499
65492
65486
65479
65473
65468
65463
65458
65454
65450
65446
65443
65440
65437
65435
65433
65432
65431
65430
65429
65428
65428
65427
65427
65427
65426
65426
65426
65426
65425
65425
65425
65424
65424
65423
65422
65421
65419
65418
65416
65414
65412
65410
65407
65404
65402
65399
65396
65393
65390
65387
65384
65381
65378
65375
65373
65370
65368
65366
65364
65362
65361
65360
65360
65360
65360
65361
65363
65365
65367
65370
65374
65378
65382
65387
65393
65399
65405
65411
65418
65425
65433
65440
65448
65456
65463
65471
65478
65485
65492
65499
65506
65512
65519
65524
65530
65535
3
8
11
15
18
20
22
24
25
26
27
28
28
28
28
28
28
28
27
27
26
25
24
24
23
22
20
19
18
17
15
14
12
11
9
8
6
4
3
1
0
65534
65533
65532
65531
65530
65530
65530
65530
65531
65532
65533
65535
2
5
9
14
19
25
32
39
47
55
63
72
82
92
102
112
122
133
143
153
163
173
182
191
200
208
215
222
227
233
237
241
244
246
248
249
249
249
248
246
244
242
239
236
233
230
227
224
221
218
216
213
211
209
207
205
203
202
201
199
198
197
196
194
193
191
190
188
185
183
179
176
171
166
161
155
148
141
133
124
116
106
96
86
76
65
54
42
31
20
9
65534
65523
65512
65502
65492
65482
65473
65464
65456
65448
65441
65435
65429
65424
65419
65415
65411
65408
65405
65403
65401
65399
65398
65397
65397
65396
65396
65396
65396
65396
65396
65396
65396
65396
65395
65395
65394
65393
65392
65391
65390
65389
65387
65385
65383
65381
65379
65377
65376
65374
65372
65370
65368
65366
65364
65363
65361
65360
65359
65358
65357
65357
65357
65357
65358
65358
65359
65361
65362
65364
65366
65368
65370
65372
65375
65377
65380
65382
65385
65387
65389
65391
65393
65394
65395
65396
65397
65397
65397
65397
65396
65395
65394
65392
65390
65387
65384
65381
65378
65375
65372
65369
65366
65364
65361
65359
65357
65355
65354
65354
65354
65354
65355
65356
65358
65361
65364
65367
65371
65375
65380
65386
65391
65397
65403
65409
65416
65422
65428
65435
65441
65447
65452
65458
65462
65467
65471
65475
65478
65481
65484
65486
65487
65489
65490
65491
65492
65492
65493
65493
65494
65495
65496
65497
65499
65501
65503
65506
65509
65513
65518
65522
65528
65534
5
12
20
28
37
47
56
66
76
86
97
107
118
128
138
148
158
167
176
185
193
200
207
213
219
224
228
232
235
237
239
240
240
240
239
238
236
234
231
228
224
220
216
211
206
201
195
189
183
177
171
165
158
152
146
140
133
127
121
115
109
104
98
93
88
83
79
74
70
67
63
60
57
55
53
51
50
48
47
47
46
46
46
46
47
47
48
49
50
51
53
54
55
56
58
59
60
60
61
62
62
62
62
62
62
62
62
61
60
59
58
57
56
55
53
52
51
49
48
46
45
44
42
41
40
39
37
36
35
33
32
30
29
27
26
24
22
20
18
15
12
9
6
3
65535
65531
65527
65523
65519
65514
65510
65505
65500
65496
65491
65487
65483
65479
65475
65471
65468
65465
65463
65461
65459
65457
65457
65456
65456
65456
65457
65458
65460
65462
65464
65467
65470
65473
65476
65480
65484
65487
65491
65495
65499
65503
65506
65510
65514
65518
65521
65525
65528
65532
65535
3
6
10
13
17
21
24
28
32
36
40
45
50
54
59
64
69
73
78
82
86
89
92
95
97
99
100
100
99
98
95
92
88
83
76
69
61
52
42
31
20
7
65531
65517
65504
65490
65476
65461
65447
65433
65419
65405
65392
65379
65367
65355
65344
65334
65324
65315
65307
65300
65293
65287
65281
65276
65272
65268
65265
65262
65259
65257
65255
65253
65251
65249
65248
65246
65244
65243
65241
65240
65238
65237
65236
65234
65233
65232
65232
65231
65231
65231
65231
65232
65234
65236
65238
65241
65244
65248
65253
65258
65263
65269
65275
65282
65290
65297
65305
65313
65321
65330
65338
65346
65354
65362
65370
65378
65386
65393
65400
65407
65413
65419
65425
65431
65436
65441
65446
65451
65456
65461
65465
65470
65474
65478
65483
65487
65492
65497
65502
65508
65513
65518
65524
65530
0
6
12
18
24
30
36
42
48
54
60
66
72
78
84
90
96
101
107
112
117
123
128
133
139
144
150
156
162
168
174
180
187
194
200
207
214
222
229
236
243
250
256
263
269
274
280
285
289
293
296
299
301
303
304
304
304
303
301
299
296
293
289
286
281
277
273
268
263
259
254
250
246
243
239
236
234
232
231
230
230
230
230
231
233
235
237
239
242
244
247
249
252
254
255
257
258
258
258
257
256
253
251
247
242
237
231
224
216
207
198
189
179
168
157
145
133
120
107
94
81
68
54
40
27
13
0
65522
65508
65495
65482
65468
65455
65442
65429
65416
65403
65391
65378
65366
65354
65342
65330
65319
65308
65297
65287
65277
65268
65259
65251
65244
65237
65232
65226
65222
65219
65216
65215
65215
65215
65217
65219
65222
65227
65232
65238
65245
65253
65261
65269
65278
65288
65298
65308
65318
65328
65338
65348
65357
65367
65375
65384
65391
65398
65405
65411
65416
65421
65425
65428
65431
65433
65435
65436
65436
65436
65436
65435
65434
65433
65432
65431
65430
65428
65427
65425
65424
65423
65422
65420
65419
65419
65418
65417
65417
65416
65416
65416
65416
65416
65416
65416
65416
65416
65416
65416
65416
65416
65416
65416
65416
65416
65417
65417
65418
65418
65419
65419
65420
65421
65421
65422
65423
65424
65425
65426
65426
65427
65428
65428
65428
65428
65428
65427
65427
65426
65425
65424
65422
65421
65419
65417
65415
65413
65411
65409
65407
65406
65405
65404
65403
65403
65404
65405
65406
65408
65411
65414
65417
65422
65427
65432
65438
65445
65452
65460
65467
65476
65484
65492
65500
65509
65517
65525
65532
4
10
17
22
28
32
36
40
43
45
47
49
50
51
52
52
52
53
53
53
54
55
56
58
60
62
66
69
73
78
83
89
96
102
110
117
125
133
142
150
158
166
174
182
189
196
203
209
214
219
223
226
229
231
232
232
232
231
230
228
225
222
219
215
211
207
203
198
193
189
184
180
176
172
168
165
162
160
158
156
155
154
154
154
154
155
156
157
159
161
164
166
169
172
175
178
181
185
188
191
193
196
198
200
202
203
204
204
204
204
202
201
199
196
192
188
183
178
172
166
159
151
143
135
127
118
109
100
91
82
73
64
56
47
40
33
26
20
14
10
6
3
1
65535
65535
65535
0
2
4
7
11
15
19
24
29
35
40
45
50
56
61
66
70
74
78
81
83
85
87
88
88
87
87
85
83
81
78
74
71
67
63
59
55
50
46
42
38
34
30
26
22
19
15
12
9
7
4
1
65535
65532
65530
65527
65524
65521
65518
65514
65511
65507
65502
65498
65493
65487
65481
65475
65468
65461
65453
65446
65438
65429
65421
65412
65403
65394
65385
65376
65367
65359
65350
65342
65335
65328
65321
65315
65310
65305
65301
65298
65295
65293
65291
65290
65290
65291
65292
65294
65297
65299
65303
65306
65310
65315
65319
65324
65329
65334
65339
65344
65349
65354
65359
65363
65367
65371
65375
65378
65380
65383
65385
65386
65388
65389
65389
65389
65389
65388
65388
65387
65385
65384
65382
65380
65378
65376
65374
65371
65369
65366
65364
65361
65359
65356
65353
65351
65348
65346
65343
65341
65339
65337
65335
65333
65331
65329
65327
65326
65325
65324
65323
65323
65322
65323
65323
65324
65325
65326
65328
65331
65333
65336
65340
65344
65348
65353
65358
65364
65370
65377
65384
65392
65400
65408
65417
65426
65435
65445
65455
65465
65476
65486
65496
65507
65517
65528
2
13
23
33
43
53
62
71
80
88
96
104
112
118
125
131
137
142
147
151
154
157
160
162
163
165
165
166
166
165
165
164
163
161
159
158
156
154
153
151
150
149
148
147
147
148
148
149
151
153
156
159
162
166
170
175
180
185
191
197
203
208
214
219
224
229
233
236
239
241
242
243
242
241
239
235
231
226
219
212
204
195
186
175
165
153
142
130
118
105
93
81
69
57
45
34
23
13
3
65530
65522
65514
65507
65500
65494
65488
65483
65478
65473
65469
65466
65462
65459
65456
65453
65450
65447
65443
65440
65437
65433
65430
65426
65422
65418
65415
65411
65407
65403
65400
65397
65394
65392
65390
65388
65387
65386
65386
65387
65388
65390
65393
65396
65399
65404
65409
65414
65420
65427
65433
65441
65448
65456
65464
65471
65479
65487
65495
65502
65509
65516
65522
65528
65533
2
6
9
12
14
16
17
17
17
16
15
13
10
8
4
1
65533
65528
65524
65519
65514
65509
65503
65498
65492
65487
65481
65476
65470
65465
65460
65455
65450
65446
65441
65438
65434
65431
65428
65426
65424
65423
65423
65423
65423
65424
65426
65429
65432
65436
65440
65445
65450
65456
65463
65470
65477
65485
65493
65501
65509
65517
65525
65533
5
13
21
28
34
40
46
51
55
58
61
63
65
66
66
65
65
63
61
59
57
54
51
48
45
42
39
36
33
31
30
28
27
27
27
28
29
30
32
35
38
41
44
48
52
56
60
64
68
72
76
80
83
86
89
92
94
96
97
98
99
100
101
101
101
101
101
102
