65520
65519
65519
65519
65519
65519
65519
65518
65518
65518
65518
65518
65518
65518
65518
65518
65518
65518
65518
65518
65518
65518
65518
65518
65518
65518
65518
65517
65517
65517
65517
65517
65517
65517
65517
65517
65517
65516
65516
65516
65516
65516
65516
65516
65516
65515
65515
65515
65515
65515
65515
65514
65514
65514
65514
65514
65514
65514
65514
65514
65514
65514
65514
65514
65514
65514
65514
65514
65514
65514
65514
65515
65515
65515
65515
65516
65516
65516
65517
65517
65517
65518
65518
65518
65519
65519
65519
65520
65520
65520
65520
65520
65520
65521
65521
65521
65521
65521
65521
65521
65521
65521
65521
65522
65522
65522
65522
65522
65522
65522
65522
65522
65522
65522
65522
65523
65523
65523
65523
65523
65523
65523
65523
65523
65523
65524
65524
65524
65524
65524
65524
65524
65524
65524
65524
65524
65524
65524
65524
65524
65524
65524
65524
65524
65524
65523
65523
65523
65523
65523
65523
65523
65523
65522
65522
65522
65522
65522
65522
65522
65522
65522
65522
65522
65522
65522
65522
65522
65522
65522
65522
65522
65522
65522
65522
65522
65522
65522
65522
65523
65523
65523
65523
65522
65522
65522
65522
65522
65522
65522
65522
65522
65522
65521
65521
65521
65521
65521
65521
65520
65520
65520
65520
65519
65519
65519
65519
65519
65519
65518
65518
65518
65518
65518
65518
65518
65518
65518
65518
65518
65518
65518
65518
65518
65518
65518
65518
65517
65517
65517
65517
65517
65517
65517
65517
65517
65517
65517
65517
65517
65517
65517
65517
65517
65517
65517
65517
65517
65517
65517
65517
65517
65517
65517
65517
65517
65517
65517
65517
65517
65517
65517
65517
65517
65517
65517
65517
65517
65517
65517
65517
65518
65518
65518
65518
65518
65518
65519
65519
65519
65519
65519
65519
65519
65519
65520
65520
65520
65520
65520
65520
65520
65520
65521
65521
65521
65521
65521
65521
65521
65521
65521
65521
65522
65522
65522
65522
65522
65522
65522
65522
65522
65522
65522
65522
65522
65522
65522
65522
65522
65522
65522
65522
65523
65523
65523
65523
65523
65523
65523
65523
65522
65522
65522
65522
65522
65522
65522
65522
65522
65522
65522
65522
65522
65522
65522
65522
65522
65522
65522
65522
65522
65522
65522
65522
65521
65521
65521
65521
65521
65521
65521
65521
65521
65521
65521
65521
65521
65521
65521
65521
65521
65521
65521
65521
65521
65521
65521
65521
65521
65521
65521
65521
65522
65522
65522
65522
65522
65522
65522
65522
65522
65522
65522
65522
65523
65523
65523
65523
65522
65522
65522
65522
65522
65522
65522
65522
65522
65522
65521
65521
65521
65521
65521
65521
65521
65521
65520
65520
65520
65520
65520
65520
65520
65520
65520
65520
65520
65520
65520
65520
65520
65520
65520
65520
65520
65520
65521
65521
65521
65521
65521
65521
65521
65521
65521
65521
65522
65522
65522
65522
65522
65522
65522
65522
65522
65522
65522
65522
65522
65522
65522
65522
65522
65522
65522
65522
65523
65523
65523
65523
65523
65523
65523
65523
65523
65523
65523
65523
65524
65524
65524
65524
65525
65525
65525
65525
65526
65526
65526
65526
65526
65526
65527
65527
65527
65527
65527
65527
65527
65527
65527
65527
65527
65527
65527
65527
65527
65527
65526
65526
65526
65526
65526
65526
65525
65525
65525
65525
65524
65524
65524
65524
65524
65524
65523
65523
65523
65523
65523
65523
65523
65523
65522
65522
65522
65522
65522
65522
65522
65522
65522
65522
65522
65522
65522
65522
65522
65522
65522
65522
65522
65522
65522
65522
65522
65522
65522
65522
65522
65522
65522
65522
65523
65523
65523
65523
65523
65523
65523
65523
65522
65522
65522
65522
65522
65522
65522
65522
65522
65522
65522
65522
65521
65521
65521
65521
65521
65521
65521
65521
65521
65521
65521
65521
65521
65521
65521
65521
65521
65521
65521
65521
65522
65522
65522
65522
65523
65523
65523
65523
65524
65524
65524
65524
65525
65525
65525
65525
65526
65526
65526
65526
65527
65527
65527
65527
65528
65528
65528
65528
65528
65528
65528
65528
65529
65529
65529
65529
65529
65529
65529
65529
65529
65529
65529
65529
65529
65529
65529
65529
65529
65529
65529
65529
65529
65529
65529
65529
65530
65530
65530
65530
65529
65529
65529
65529
65529
65529
65529
65529
65529
65529
65528
65528
65528
65528
65528
65528
65528
65528
65527
65527
65527
65527
65527
65527
65527
65527
65527
65527
65527
65527
65527
65527
65527
65527
65528
65528
65528
65528
65528
65528
65528
65528
65529
65529
65529
65529
65529
65529
65529
65529
65529
65529
65530
65530
65530
65530
65529
65529
65529
65529
65529
65529
65529
65529
65529
65529
65528
65528
65528
65528
65528
65528
65528
65528
65528
65528
65528
65528
65528
65528
65528
65528
65528
65528
65528
65528
65528
65528
65528
65528
65528
65528
65528
65528
65528
65528
65528
65528
65528
65528
65528
65528
65528
65528
65529
65529
65529
65529
65529
65529
65529
65529
65529
65529
65529
65529
65530
65530
65530
65530
65530
65530
65530
65530
65530
65530
65530
65530
65531
65531
65531
65531
65531
65531
65531
65531
65531
65531
65531
65531
65531
65531
65531
65531
65531
65531
65531
65531
65531
65531
65531
65531
65531
65531
65531
65531
65531
65531
65531
65531
65531
65531
65531
65531
65531
65531
65531
65531
65531
65531
65531
65531
65531
65531
65531
65531
65531
65531
65531
65531
65531
65531
65531
65531
65531
65531
65531
65531
65531
65531
65531
65531
65532
65532
65532
65532
65533
65533
65533
65534
65534
65534
65535
65535
65535
0
0
0
1
1
1
1
2
2
2
2
3
3
3
3
3
3
3
3
3
3
3
3
3
3
3
3
2
2
2
1
1
1
0
0
65535
65535
65534
65534
65534
65533
65533
65533
65533
65533
65533
65533
65533
65533
65533
65534
65534
65534
65535
65535
0
0
1
1
1
2
2
2
2
2
2
2
2
2
2
1
0
65535
65534
65533
65531
65530
65528
65526
65524
65522
65520
65517
65515
65512
65510
65507
65505
65502
65500
65498
65496
65494
65492
65490
65489
65487
65486
65486
65485
65485
65486
65486
65487
65489
65490
65492
65495
65498
65501
65504
65508
65512
65516
65520
65524
65529
65534
2
7
12
17
22
27
32
37
41
45
49
53
57
60
64
67
69
71
73
75
76
77
78
78
78
78
78
77
76
74
73
71
69
67
65
62
59
57
54
51
48
45
42
39
36
33
30
27
24
22
19
16
14
12
10
8
6
4
3
2
0
65535
65535
65534
65533
65533
65532
65532
65532
65532
65532
65532
65533
65533
65533
65534
65534
65534
65535
65535
65535
0
0
0
0
0
0
0
0
0
65535
65534
65533
65532
65531
65530
65528
65526
65525
65523
65521
65519
65517
65515
65513
65511
65509
65506
65504
65502
65499
65497
65495
65493
65491
65489
65488
65486
65485
65484
65482
65481
65481
65480
65479
65479
65479
65479
65480
65480
65481
65482
65482
65483
65485
65486
65487
65489
65491
65493
65495
65497
65499
65501
65503
65505
65507
65509
65511
65512
65514
65516
65518
65520
65522
65524
65525
65527
65529
65530
65532
65533
65534
0
1
2
3
4
5
6
7
7
8
9
10
11
12
12
13
14
14
15
16
16
17
18
18
19
19
20
21
21
22
23
23
24
24
25
25
26
26
27
27
28
28
29
30
30
31
32
32
33
33
34
34
35
35
36
36
37
37
37
38
38
38
39
39
39
39
39
39
38
38
37
36
35
35
34
32
31
30
28
26
24
21
19
16
13
10
7
4
1
65533
65529
65525
65521
65517
65513
65509
65505
65500
65496
65491
65487
65482
65477
65473
65468
65464
65460
65455
65451
65447
65443
65439
65435
65432
65428
65425
65422
65420
65417
65415
65413
65411
65410
65409
65408
65408
65407
65408
65408
65409
65411
65412
65415
65417
65420
65424
65427
65431
65436
65441
65446
65452
65457
65464
65470
65477
65484
65491
65499
65507
65515
65523
65531
3
10
18
26
34
42
49
56
63
70
77
83
89
95
100
105
109
113
116
119
121
123
124
125
126
126
125
124
123
121
119
116
113
110
106
102
98
94
89
85
80
75
70
65
60
55
50
46
41
37
32
28
24
21
17
14
11
9
6
4
2
1
65535
65534
65534
65533
65533
65533
65533
65533
65534
65534
65535
0
1
2
3
4
5
6
7
7
8
8
9
9
8
8
7
6
4
3
0
65534
65531
65527
65523
65519
65515
65510
65504
65499
65493
65487
65480
65473
65466
65459
65452
65445
65438
65430
65423
65416
65409
65402
65396
65389
65383
65378
65372
65367
65363
65359
65355
65352
65349
65347
65346
65345
65345
65346
65347
65348
65351
65354
65357
65361
65366
65371
65377
65384
65391
65399
65407
65415
65425
65434
65445
65455
65466
65478
65489
65502
65514
65527
4
17
30
43
56
70
83
96
108
120
132
144
155
165
175
184
193
201
207
213
218
223
226
228
229
229
229
227
224
220
215
209
203
195
187
178
169
159
148
137
126
114
102
90
78
66
54
43
31
20
10
0
65527
65518
65510
65503
65496
65490
65485
65481
65477
65475
65473
65471
65471
65471
65472
65474
65476
65479
65482
65486
65490
65495
65500
65505
65511
65517
65523
65528
65534
4
9
14
19
24
28
31
34
37
39
40
40
40
39
37
35
31
27
22
16
10
3
65531
65522
65513
65503
65492
65481
65470
65458
65446
65434
65422
65410
65397
65385
65373
65361
65350
65339
65329
65319
65310
65302
65294
65288
65282
65277
65273
65271
65269
65269
65269
65271
65274
65278
65283
65289
65296
65304
65313
65323
65333
65345
65357
65369
65382
65395
65409
65423
65437
65451
65465
65479
65493
65507
65520
65532
8
20
31
41
50
59
67
74
80
85
89
93
95
96
97
97
95
94
91
88
84
80
75
69
64
58
52
46
40
34
28
22
17
11
6
2
65534
65531
65528
65526
65524
65523
65522
65522
65523
65524
65526
65528
65531
65535
3
8
12
18
23
29
35
42
48
55
61
68
74
80
86
91
96
101
105
109
112
115
117
118
119
119
118
117
115
112
109
105
100
95
89
82
75
68
59
51
42
33
24
14
5
65531
65521
65512
65502
65493
65484
65476
65467
65459
65452
65445
65438
65432
65427
65423
65419
65415
65413
65411
65410
65409
65410
65411
65413
65415
65418
65422
65427
65432
65438
65444
65450
65458
65465
65473
65481
65490
65498
65507
65516
65525
65533
6
14
23
31
38
46
53
59
65
71
76
81
85
89
92
95
97
99
101
102
102
103
103
103
103
103
103
103
103
103
104
104
105
106
108
109
111
114
117
120
123
127
131
135
139
144
148
152
156
160
163
166
169
171
173
174
174
174
172
170
167
164
159
153
146
139
131
121
111
100
89
76
63
50
36
21
6
65527
65512
65496
65480
65465
65449
65434
65419
65404
65390
65376
65362
65349
65336
65324
65313
65303
65293
65284
65276
65269
65262
65257
65252
65248
65245
65243
65242
65241
65241
65243
65245
65247
65251
65255
65260
65265
65271
65277
65284
65291
65298
65306
65314
65322
65331
65339
65348
65356
65365
65373
65381
65388
65396
65403
65409
65415
65421
65427
65432
65436
65441
65444
65448
65450
65453
65454
65456
65457
65458
65458
65459
65459
65459
65459
65459
65459
65460
65460
65461
65462
65464
65466
65468
65471
65474
65478
65483
65488
65494
65501
65509
65517
65526
65535
9
20
31
43
55
68
82
95
109
123
136
150
164
177
191
203
216
228
239
249
259
268
276
283
289
293
297
300
301
302
301
299
296
291
286
279
272
263
254
243
232
220
208
195
181
167
153
138
124
109
94
79
64
50
35
21
8
65530
65517
65505
65493
65482
65471
65461
65452
65444
65436
65430
65424
65418
65414
65410
65407
65405
65403
65402
65402
65403
65404
65406
65408
65410
65414
65417
65421
65426
65430
65435
65440
65445
65449
65454
65458
65463
65466
65470
65473
65475
65477
65478
65478
65478
65478
65476
65474
65471
65468
65463
65458
65453
65446
65439
65432
65424
65416
65408
65399
65391
65382
65373
65365
65357
65349
65342
65335
65329
65324
65319
65316
65313
65312
65311
65312
65313
65316
65320
65325
65332
65339
65348
65358
65369
65381
65394
65408
65422
65438
65454
65470
65487
65504
65522
4
21
39
56
74
90
106
122
137
151
164
176
187
197
206
214
221
226
230
234
235
236
236
234
232
228
224
218
212
204
197
188
179
169
159
149
139
129
118
108
98
88
79
70
62
54
47
40
34
29
25
22
19
17
16
16
16
18
20
23
26
30
35
40
46
51
58
64
70
76
82
88
94
99
104
108
112
115
117
118
119
119
118
116
113
109
105
99
93
85
77
68
59
49
38
28
17
5
65530
65518
65507
65496
65485
65475
65465
65456
65447
65439
65432
65426
65420
65416
65413
65410
65409
65408
65409
65410
65412
65416
65419
65424
65429
65434
65440
65447
65453
65460
65467
65473
65480
65486
65491
65496
65501
65505
65508
65511
65513
65513
65513
65512
65511
65508
65505
65500
65495
65489
65482
65475
65467
65458
65449
65440
65430
65420
65410
65401
65391
65381
65371
65362
65354
65346
65338
65331
65325
65320
65316
65312
65310
65309
65309
65310
65312
65315
65320
65325
65332
65341
65350
65360
65372
65385
65398
65413
65428
65445
65461
65479
65497
65515
65534
16
35
54
72
90
107
124
140
155
169
182
194
205
214
222
228
233
236
237
237
235
232
227
221
213
203
192
180
167
153
138
122
105
87
70
51
33
15
65533
65515
65497
65480
65464
65448
65433
65419
65406
65394
65383
65373
65365
65358
65352
65347
65343
65341
65341
65341
65343
65346
65350
65355
65361
65368
65376
65385
65395
65405
65415
65426
65437
65449
65460
65472
65484
65495
65506
65516
65526
0
9
18
26
33
39
44
49
52
55
56
57
57
56
54
51
47
43
38
32
26
20
12
5
65533
65525
65517
65508
65500
65492
65483
65475
65467
65460
65453
65446
65440
65435
65430
65425
65421
65418
65416
65415
65414
65414
65415
65417
65419
65423
65427
65431
65437
65443
65450
65458
65466
65474
65484
65493
65503
65514
65524
65535
10
21
32
43
53
64
74
84
93
102
110
118
125
131
136
141
144
147
149
150
150
148
146
143
139
134
128
122
114
106
97
87
77
67
56
44
33
21
9
65534
65522
65510
65499
65488
65477
65467
65458
65449
65441
65433
65427
65421
65417
65413
65410
65408
65408
65408
65409
65411
65415
65419
65424
65430
65437
65445
65454
65463
65473
65484
65495
65506
65518
65531
7
20
33
45
58
70
81
92
103
113
123
131
139
146
152
157
161
164
166
168
168
167
165
162
158
154
148
142
136
128
121
112
104
95
87
78
69
60
51
42
34
26
19
12
6
0
65531
65526
65522
65519
65517
65515
65514
65514
65514
65516
65518
65520
65523
65527
65532
1
6
12
19
26
34
42
51
60
69
79
89
99
110
120
131
141
152
163
174
185
195
205
215
225
234
242
250
257
264
270
275
279
282
284
284
284
282
279
275
269
262
254
244
233
220
206
191
174
156
137
117
96
74
51
28
4
65515
65489
65464
65438
65412
65386
65360
65335
65309
65285
65261
65237
65215
65193
65173
65153
65135
65119
65104
65090
65078
65067
65058
65051
65045
65041
65039
65039
65041
65044
65049
65055
65064
65073
65084
65097
65111
65126
65143
65160
65178
65198
65218
65239
65260
65281
65303
65325
65347
65369
65391
65412
65434
65454
65474
65494
65512
65530
11
26
41
54
66
77
87
95
103
108
113
116
119
120
119
118
116
113
109
104
98
92
86
79
72
64
57
49
42
35
28
22
16
11
6
2
0
65534
65533
65533
65534
0
3
7
12
18
25
33
42
52
62
73
85
96
109
121
134
146
159
171
183
194
205
215
224
233
240
246
251
256
258
260
260
259
257
253
248
242
234
225
215
204
192
179
165
151
135
120
103
86
69
51
34
16
65535
65518
65501
65485
65469
65453
65439
65424
65411
65398
65387
65376
65366
65357
65349
65342
65335
65330
65326
65323
65320
65319
65318
65318
65319
65321
65323
65326
65329
65332
65336
65340
65345
65350
65355
65360
65365
65370
65374
65379
65384
65388
65392
65396
65399
65402
65405
65407
65409
65411
65413
65414
65414
65415
65415
65415
65415
65415
65415
65415
65415
65415
65415
65415
65415
65416
65416
65417
65419
65421
65423
65426
65430
65434
65438
65443
65449
65456
65462
65470
65478
65487
65496
65506
65517
65528
3
15
27
40
53
66
79
92
106
119
132
146
159
172
184
196
208
219
229
239
249
258
266
273
280
286
291
295
299
302
304
306
307
307
307
307
305
304
301
299
295
292
288
284
279
274
269
264
259
253
247
241
235
228
221
214
207
200
193
185
178
170
162
153
145
136
127
117
108
98
88
78
68
58
47
37
26
16
5
65530
65519
65508
65497
65487
65476
65465
65455
65445
65435
65425
65416
65406
65397
65388
65380
65371
65363
65356
65348
65341
65335
65329
65323
65318
65313
65309
65306
65303
65302
65300
65300
65301
65302
65305
65309
65313
65319
65326
65333
65342
65352
65363
65374
65387
65400
65414
65429
65444
65459
65475
65492
65508
65525
5
21
36
51
66
79
91
102
112
120
127
132
136
137
137
136
132
126
119
109
98
86
71
55
38
20
0
65515
65494
65472
65449
65426
65403
65380
65357
65335
65313
65292
65272
65253
65236
65220
65206
65193
65182
65173
65167
65162
65159
65158
65160
65164
65170
65178
65189
65201
65216
65232
65250
65270
65292
65314
65338
65364
65390
65417
65444
65473
65501
65529
22
50
78
104
130
155
179
202
223
242
260
275
289
301
311
318
324
327
328
327
323
318
310
300
288
275
259
242
224
204
183
161
138
115
91
67
42
18
65529
65505
65482
65460
65438
65417
65398
65380
65364
65349
65335
65324
65314
65306
65300
65296
65293
65293
65295
65298
65303
65310
65319
65329
65341
65354
65368
65383
65400
65416
65434
65452
65470
65488
65506
65524
6
23
39
55
70
83
95
106
116
124
131
137
141
143
144
144
142
138
134
128
121
112
103
93
82
71
59
47
35
22
10
65534
65522
65511
65501
65491
65482
65474
65468
65462
65457
65454
65452
65451
65451
65453
65456
65461
65466
65473
65481
65490
65500
65510
65522
65534
10
24
37
51
64
78
92
105
118
130
142
153
163
172
180
187
192
197
200
202
202
201
199
195
190
184
177
168
158
147
135
122
108
93
77
61
45
28
10
65529
65511
65494
65477
65460
65443
65427
65412
65397
65384
65371
65359
65347
65337
65328
65321
65314
65309
65305
65302
65301
65301
65302
65305
65308
65313
65319
65326
65334
65343
65353
65363
65374
65386
65399
65412
65425
65439
65453
65467
65481
65496
65510
65524
2
15
29
42
54
66
78
89
99
109
118
127
135
142
148
154
159
163
167
170
172
174
175
176
176
175
174
172
170
168
165
162
158
154
150
146
142
138
134
129
125
121
117
113
109
106
103
99
96
93
90
88
85
82
80
78
75
73
70
68
65
62
58
55
51
46
42
37
31
25
18
11
4
65532
65523
65514
65504
65494
65484
65473
65461
65450
65438
65426
65414
65402
65390
65378
65366
65354
65342
65331
65320
65309
65299
65289
65280
65271
65263
65256
65249
65243
65238
65234
65230
65227
65225
65223
65222
65222
65222
65224
65226
65228
65232
65236
65241
65246
65252
65259
65267
65275
65284
65293
65303
65314
65325
65337
65350
65363
65376
65390
65404
65419
65434
65449
65465
65481
65497
65513
65529
10
26
42
58
73
89
103
118
132
145
157
169
180
190
199
207
214
221
226
230
233
235
236
236
235
232
229
224
219
213
206
198
190
181
171
161
150
139
128
116
104
93
81
69
57
46
35
24
13
3
65529
65520
65511
65503
65496
65489
65483
65477
65472
65468
65464
65461
65459
65457
65455
65455
65454
65454
65455
65456
65457
65458
65460
65462
65464
65466
65468
65471
65473
65476
65478
65481
65483
65485
65487
65489
65491
65493
65495
65496
65498
65499
65500
65501
65501
65502
65502
65502
65502
65501
65500
65500
65499
65497
65496
65495
65493
65491
65489
65487
65485
65482
65480
65477
65474
65471
65468
65465
65462
65459
65456
65453
65450
65447
65444
65442
65439
65437
65435
65434
65433
65432
65431
65431
65431
65431
65432
65433
65434
65436
65439
65441
65444
65448
65452
65456
65461
65465
65470
65475
65480
65485
65491
65496
65501
65507
65512
65517
65522
65527
65531
65535
3
6
9
12
14
16
17
18
19
19
19
19
18
17
15
14
12
10
8
5
3
1
65534
65532
65530
65528
65526
65525
65524
65523
65523
65523
65523
65524
65525
65526
65528
65531
65533
1
4
8
13
17
22
27
33
39
44
50
56
61
67
72
77
82
87
91
95
98
101
103
105
106
107
107
106
105
104
101
98
95
91
86
81
75
69
63
56
48
41
33
25
17
9
1
65528
65520
65512
65504
65496
65489
65482
65475
65468
65462
65456
65451
65446
65441
65437
65434
65431
65429
65428
65426
65426
65426
65426
65427
65429
65431
65433
65435
65438
65441
65445
65448
65451
65455
65458
65461
65464
65467
65470
65472
65474
65476
65477
65477
65477
65477
65476
65474
65472
65469
65465
65461
65457
65452
65446
65440
65434
65427
65420
65413
65406
65398
65391
65384
65377
65370
65363
65357
65351
65345
65340
65336
65332
65328
65326
65324
65322
65322
65322
65323
65325
65327
65331
65335
65339
65345
65351
65358
65365
65373
65382
65392
65402
65412
65423
65435
65446
65458
65471
65484
65497
65510
65523
1
14
28
41
54
67
80
93
105
116
127
138
148
157
166
175
182
189
195
201
205
209
212
214
216
217
217
217
216
215
212
210
207
203
200
195
191
186
182
177
171
166
161
156
150
145
139
134
128
123
117
112
106
101
95
90
84
79
73
67
62
56
50
44
38
31
25
18
12
5
65535
65528
65521
65515
65508
65502
65495
65489
65483
65477
65472
65467
65462
65457
65452
65448
65444
65440
65436
65433
65430
65428
65425
65423
65421
65419
65418
65417
65415
65414
65413
65413
65412
65411
65410
65410
65409
65408
65408
65407
65407
65407
65406
65406
65406
65405
65405
65405
65405
65405
65405
65405
65405
65405
65406
65407
65408
65409
65410
65412
65414
65416
65418
65421
65424
65427
65430
65433
65436
65440
65444
65448
65452
65456
65460
65464
65469
65473
65478
65483
65488
65494
65499
65504
65510
65515
65521
65526
65532
2
8
14
20
26
32
39
45
51
58
64
71
77
83
90
96
102
108
114
120
126
132
138
143
148
153
158
163
167
171
175
178
181
184
186
188
190
192
192
193
193
193
192
191
190
188
185
183
180
177
173
170
165
161
156
151
146
141
135
129
123
117
112
106
100
94
88
83
77
71
66
61
56
51
46
41
37
33
29
26
23
20
17
15
12
11
9
8
7
6
5
4
4
4
4
5
5
6
6
7
8
9
10
11
12
12
13
14
14
14
14
13
13
12
11
10
9
7
5
3
0
65534
65531
65528
65525
65522
65518
65515
65512
65509
65506
65503
65500
65497
65495
65493
65491
65490
65489
65489
65489
65490
65491
65493
65496
65498
65502
65506
65511
65516
65521
65528
65534
5
13
20
28
37
45
54
62
71
80
89
97
106
114
123
130
138
145
152
158
164
169
173
177
181
183
185
186
186
186
184
