65416
65414
65412
65410
65408
65407
65406
65405
65404
65404
65404
65404
65404
65405
65406
65407
65408
65410
65412
65415
65418
65421
65424
65427
65431
65435
65439
65444
65448
65453
65458
65463
65468
65473
65478
65483
65488
65493
65498
65503
65508
65513
65517
65522
65526
65531
65535
3
7
11
15
18
22
25
28
32
35
37
40
43
45
48
50
52
54
56
58
59
61
62
63
64
64
65
66
66
66
66
66
65
65
64
63
61
60
58
56
53
51
48
45
43
40
37
33
30
27
24
21
18
15
13
10
7
5
3
1
0
65535
65534
65534
65533
65534
65534
65535
0
1
2
4
6
9
11
14
17
21
24
27
31
35
39
43
48
52
57
62
67
73
78
83
89
95
101
107
114
121
128
135
142
150
157
165
173
180
188
196
203
210
217
224
230
235
240
244
247
250
251
251
251
249
246
241
236
229
221
211
200
188
175
161
145
128
111
92
72
52
31
10
65524
65501
65479
65456
65433
65411
65388
65367
65345
65324
65304
65284
65266
65248
65231
65215
65201
65187
65175
65163
65153
65144
65137
65130
65125
65122
65119
65118
65118
65119
65122
65125
65130
65136
65143
65151
65160
65171
65182
65194
65206
65220
65234
65249
65265
65281
65297
65314
65331
65349
65366
65384
65401
65419
65436
65453
65469
65485
65501
65516
65530
8
20
32
43
54
63
71
78
84
90
94
97
100
101
102
102
101
99
96
93
90
85
81
75
70
64
58
51
45
39
32
26
20
14
8
2
65533
65528
65523
65519
65515
65512
65509
65506
65504
65503
65502
65502
65502
65503
65504
65506
65508
65511
65514
65518
65521
65526
65530
65535
4
9
14
20
25
30
35
40
45
50
54
58
62
65
68
70
72
73
74
75
75
74
73
72
70
67
65
61
58
54
50
45
40
35
30
25
20
14
9
4
65534
65529
65524
65519
65514
65509
65505
65500
65496
65492
65488
65484
65480
65477
65474
65471
65468
65465
65462
65460
65458
65456
65454
65453
65451
65449
65448
65447
65446
65445
65444
65443
65443
65442
65442
65442
65442
65442
65443
65444
65444
65445
65446
65447
65449
65450
65452
65454
65456
65458
65460
65463
65465
65467
65470
65472
65474
65477
65479
65481
65483
65485
65487
65489
65490
65492
65493
65494
65494
65495
65495
65495
65494
65493
65492
65491
65489
65488
65486
65484
65482
65480
65477
65475
65473
65471
65469
65467
65466
65464
65463
65463
65463
65463
65464
65465
65467
65469
65472
65476
65480
65484
65489
65495
65501
65508
65514
65522
65529
1
9
18
26
35
44
53
61
70
78
87
95
102
110
117
124
130
137
143
148
154
158
163
167
171
174
177
180
182
184
186
187
188
188
188
188
187
185
183
180
177
173
169
164
158
152
145
137
129
120
111
100
90
78
67
54
42
29
17
4
65527
65514
65501
65488
65476
65465
65454
65444
65434
65426
65418
65412
65406
65402
65399
65397
65396
65396
65398
65401
65405
65410
65416
65423
65431
65440
65450
65460
65471
65482
65494
65506
65518
65530
6
18
29
40
50
60
70
78
86
93
98
103
107
109
111
111
111
109
106
101
96
90
82
73
64
53
42
29
16
2
65523
65508
65492
65476
65459
65442
65425
65407
65390
65372
65355
65338
65321
65304
65288
65273
65258
65243
65230
65218
65206
65196
65187
65179
65173
65167
65163
65161
65160
65160
65161
65164
65169
65175
65182
65190
65200
65211
65223
65236
65251
65266
65281
65298
65315
65333
65351
65370
65388
65407
65426
65444
65463
65481
65498
65515
65532
12
27
42
55
68
80
90
100
108
116
122
127
131
134
136
136
136
135
133
129
126
121
116
110
103
96
89
81
73
65
58
50
42
34
27
20
13
7
1
65532
65527
65523
65520
65517
65515
65513
65512
65512
65512
65514
65515
65517
65520
65523
65526
65529
65533
1
4
8
12
15
18
21
24
26
28
30
31
31
31
31
30
28
25
23
19
15
10
5
0
65530
65523
65516
65509
65502
65494
65486
65478
65469
65461
65453
65444
65436
65428
65420
65412
65404
65396
65389
65382
65375
65368
65361
65355
65349
65344
65338
65333
65329
65325
65321
65317
65314
65311
65308
65306
65304
65302
65300
65299
65299
65299
65299
65299
65300
65301
65303
65305
65307
65310
65313
65317
65321
65325
65329
65334
65340
65345
65351
65357
65363
65370
65377
65384
65392
65400
65408
65416
65424
65432
65440
65448
65457
65465
65474
65482
65491
65499
65508
65516
65524
65532
4
12
20
28
36
44
51
59
67
74
82
89
96
104
111
118
125
132
139
146
153
161
168
175
181
188
195
201
208
214
220
226
231
236
241
246
250
253
257
260
262
265
266
268
269
269
269
269
268
266
265
262
260
257
254
251
247
243
239
235
231
226
221
217
212
207
202
196
191
186
180
174
168
162
156
149
142
135
128
120
112
103
95
86
76
66
56
46
35
24
14
3
65528
65517
65506
65495
65484
65474
65464
65454
65445
65436
65428
65420
65413
65407
65402
65397
65393
65391
65389
65388
65388
65388
65390
65392
65395
65399
65404
65409
65415
65421
65428
65435
65442
65449
65456
65463
65470
65477
65483
65489
65495
65500
65504
65508
65512
65514
65516
65518
65518
65518
65517
65515
65513
65509
65505
65501
65495
65489
65482
65475
65468
65459
65451
65442
65432
65423
65413
65403
65393
65382
65372
65362
65352
65342
65332
65323
65314
65305
65297
65289
65282
65275
65269
65263
65258
65254
65251
65249
65247
65247
65247
65248
65250
65253
65257
65262
65267
65274
65281
65289
65299
65308
65319
65331
65343
65356
65369
65383
65397
65411
65426
65441
65456
65472
65487
65503
65518
65533
12
27
41
54
67
80
92
103
113
123
132
140
147
153
159
163
166
169
170
171
170
169
166
163
158
153
147
140
133
124
116
106
96
86
75
64
53
42
31
19
8
65533
65523
65512
65502
65492
65483
65474
65465
65458
65451
65444
65438
65433
65429
65425
65422
65419
65417
65415
65414
65414
65414
65414
65415
65416
65417
65418
65420
65422
65424
65425
65427
65429
65431
65433
65434
65436
65437
65438
65439
65440
65440
65440
65440
65440
65439
65438
65437
65436
65435
65434
65432
65430
65428
65426
65423
65421
65419
65416
65414
65411
65409
65406
65404
65402
65399
65397
65395
65393
65391
65389
65387
65386
65384
65383
65382
65382
65381
65381
65381
65381
65381
65382
65384
65386
65388
65390
65393
65396
65400
65404
65409
65414
65420
65426
65432
65439
65447
65454
65463
65471
65480
65490
65499
65509
65520
65530
5
16
27
38
49
60
70
81
92
102
112
121
131
140
148
156
163
170
176
182
187
191
195
198
201
202
203
204
204
203
202
200
198
195
191
188
184
180
175
171
166
161
156
152
147
143
138
134
130
126
123
120
117
114
112
110
108
107
105
104
104
103
103
103
104
105
106
107
108
109
111
112
114
116
117
119
121
122
124
126
127
129
130
131
132
133
134
134
135
135
134
134
133
131
129
127
124
120
117
112
107
102
96
89
81
73
65
56
46
36
25
14
2
65527
65514
65502
65489
65477
65464
65451
65438
65426
65413
65401
65389
65377
65366
65355
65345
65336
65327
65319
65312
65306
65300
65296
65292
65289
65288
65287
65287
65289
65292
65295
65300
65306
65313
65321
65331
65341
65353
65365
65378
65393
65408
65424
65441
65459
65477
65496
65515
65534
18
38
58
78
97
116
134
152
169
185
200
214
227
238
247
255
261
265
268
268
266
263
257
249
239
227
213
198
180
162
141
119
96
71
46
20
65529
65501
65473
65445
65417
65389
65362
65335
65308
65283
65258
65235
65213
65192
65173
65155
65139
65125
65112
65101
65093
65086
65082
65079
65078
65080
65083
65089
65096
65105
65116
65129
65143
65159
65177
65195
65215
65236
65258
65281
65305
65329
65354
65379
65404
65429
65454
65479
65503
65527
14
36
57
77
96
114
131
146
159
171
182
190
197
203
206
208
209
208
205
201
195
188
179
170
159
148
136
123
109
95
80
65
50
35
20
5
65527
65513
65499
65486
65473
65461
65449
65439
65429
65420
65411
65404
65397
65391
65387
65382
65379
65376
65374
65372
65372
65371
65371
65372
65373
65374
65376
65378
65380
65382
65384
65386
65388
65390
65392
65394
65395
65396
65397
65398
65398
65399
65398
65398
65397
65396
65395
65393
65392
65390
65388
65386
65384
65381
65379
65377
65375
65373
65372
65370
65369
65368
65368
65368
65368
65369
65371
65373
65375
65378
65381
65385
65390
65395
65400
65406
65413
65420
65428
65436
65444
65453
65462
65472
65481
65492
65502
65513
65523
65534
9
20
31
42
53
64
75
86
97
107
118
128
137
147
156
164
173
180
187
194
200
205
210
214
218
221
223
224
225
225
224
223
221
218
214
210
206
201
195
189
182
176
168
161
153
145
137
128
120
112
104
96
89
81
74
68
61
56
50
46
42
38
35
32
30
29
28
28
28
29
31
33
36
39
43
47
52
57
62
68
74
80
86
93
99
105
111
117
122
128
133
138
142
146
149
152
154
155
156
157
156
155
154
151
148
145
141
136
131
126
119
113
106
98
91
83
75
67
58
50
41
32
23
14
5
65532
65523
65515
65506
65497
65489
65481
65472
65464
65456
65448
65440
65432
65424
65416
65409
65402
65395
65388
65381
65375
65368
65362
65357
65351
65346
65342
65337
65334
65331
65328
65326
65325
65325
65325
65326
65328
65330
65334
65338
65342
65348
65354
65361
65369
65378
65387
65397
65408
65420
65432
65445
65458
65472
65486
65501
65517
65532
13
29
46
62
79
96
113
130
147
164
181
197
214
230
245
261
275
289
303
316
328
339
350
359
367
375
381
386
390
393
394
394
393
390
385
379
372
362
352
339
326
311
294
276
257
236
214
191
167
142
115
88
61
32
4
65511
65481
65452
65422
65393
65364
65335
65306
65279
65251
65225
65199
65175
65151
65129
65107
65087
65069
65051
65035
65021
65008
64997
64987
64979
64972
64966
64962
64960
64959
64959
64961
64964
64969
64975
64982
64990
65000
65010
65021
65033
65046
65060
65075
65090
65105
65121
65138
65155
65172
65189
65207
65225
65243
65261
65279
65297
65315
65333
65351
65368
65385
65402
65419
65436
65452
65468
65483
65499
65514
65528
6
19
32
44
56
68
79
89
99
108
117
125
132
138
144
149
154
158
161
164
166
167
168
168
167
166
164
161
158
155
150
146
140
134
128
121
114
106
98
90
81
72
63
54
45
35
25
15
5
65531
65522
65512
65502
65492
65482
65473
65464
65455
65446
65438
65429
65422
65415
65408
65402
65396
65391
65386
65382
65379
65377
65375
65375
65375
65376
65377
65380
65383
65388
65393
65399
65407
65415
65424
65434
65445
65457
65469
65483
65496
65511
65526
6
22
39
56
73
91
108
125
142
159
176
192
207
222
236
249
261
272
282
290
298
304
308
311
313
313
312
309
305
300
293
284
275
264
252
239
225
210
194
177
160
143
124
106
88
69
51
32
15
65533
65516
65500
65484
65469
65456
65443
65431
65420
65411
65403
65396
65390
65385
65382
65379
65379
65379
65381
65383
65387
65392
65398
65405
65413
65421
65430
65440
65451
65462
65473
65485
65497
65508
65520
65532
8
19
31
41
52
62
71
79
87
94
101
106
111
115
117
119
120
120
119
117
115
111
107
102
97
90
84
76
69
60
52
44
35
26
18
10
2
65530
65523
65516
65509
65504
65499
65494
65490
65487
65485
65484
65483
65483
65484
65486
65488
65492
65496
65501
65506
65512
65518
65525
65532
3
10
17
24
32
39
46
52
58
64
69
74
78
82
85
87
88
89
89
88
87
85
82
79
75
71
66
61
55
49
43
37
30
23
17
10
3
65532
65526
65519
65513
65506
65500
65494
65488
65483
65478
65473
65468
65463
65459
65455
65451
65448
65444
65441
65438
65435
65433
65430
65428
65426
65424
65423
65422
65421
65420
65420
65419
65420
65420
65421
65422
65424
65426
65428
65430
65433
65436
65439
65442
65446
65450
65454
65458
65462
65467
65471
65476
65480
65485
65489
65493
65497
65501
65505
65509
65512
65515
65518
65521
65523
65525
65526
65527
65528
65529
65529
65530
65529
65529
65528
65527
65526
65525
65523
65521
65520
65518
65517
65515
65513
65512
65510
65509
65508
65507
65505
65504
65504
65503
65502
65502
65501
65501
65501
65501
65501
65501
65501
65501
65501
65501
65501
65501
65501
65501
65501
65501
65501
65501
65501
65501
65500
65500
65499
65498
65497
65496
65495
65494
65493
65492
65491
65490
65489
65488
65487
65487
65486
65485
65485
65485
65485
65485
65486
65487
65488
65489
65490
65492
65493
65495
65497
65499
65502
65505
65507
65510
65513
65516
65519
65522
65525
65528
65531
65534
1
4
7
9
12
15
17
19
21
23
24
25
26
27
27
28
27
27
26
25
23
22
20
17
15
12
8
5
1
65533
65529
65525
65521
65516
65512
65507
65503
65498
65494
65490
65486
65483
65479
65476
65474
65472
65470
65469
65468
65468
65469
65470
65472
65475
65479
65483
65488
65493
65499
65506
65513
65521
65529
2
12
21
31
41
51
60
70
80
90
99
108
117
125
133
140
147
152
158
162
166
169
171
173
173
173
172
170
168
165
161
157
152
146
140
133
125
118
110
101
93
84
75
66
57
48
39
30
21
13
5
65533
65526
65520
65514
65508
65503
65499
65495
65492
65490
65488
65487
65487
65487
65488
65490
65492
65494
65498
65501
65505
65509
65514
65519
65523
65528
65533
2
6
11
15
19
23
26
28
30
32
33
33
33
32
31
29
26
23
19
15
10
5
0
65530
65524
65518
65512
65506
65500
65494
65488
65483
65477
65472
65467
65463
65459
65456
65453
65450
65448
65447
65446
65446
65446
65448
65449
65451
65454
65457
65461
65466
65471
65476
65482
65488
65495
65502
65509
65516
65524
65532
4
12
20
28
36
44
52
60
68
75
82
89
95
101
107
112
116
120
124
126
129
131
132
133
133
133
132
131
129
127
124
121
118
114
109
105
100
95
90
84
78
73
67
61
55
49
44
38
32
26
20
15
9
4
65535
65530
65526
65521
65517
65512
65508
65505
65501
65498
65495
65492
65489
65486
65484
65481
65479
65477
65474
65472
65470
65467
65465
65463
65460
65458
65455
65453
65450
65447
65444
65441
65438
65435
65431
65428
65424
65420
65416
65412
65409
65405
65401
65397
65393
65390
65386
65382
65379
65376
65373
65371
65369
65367
65366
65365
65365
65365
65365
65366
65367
65369
65372
65374
65378
65382
65386
65391
65397
65403
65409
65416
65424
65431
65439
65448
65456
65465
65474
65483
65492
65501
65510
65519
65529
2
11
20
29
37
46
54
62
70
77
84
90
97
103
108
114
119
124
128
133
137
140
144
147
150
152
155
157
159
161
163
165
166
168
170
171
172
173
174
175
176
176
177
177
177
177
176
175
174
173
171
168
166
163
159
155
150
145
140
134
128
121
113
106
98
89
81
72
63
53
44
35
25
16
7
65534
65525
65516
65508
65501
65493
65487
65480
65474
65469
65464
65460
65457
65455
65453
65452
65451
65451
65452
65454
65457
65460
65463
65468
65473
65478
65484
65491
65497
65505
65512
65520
65528
1
9
17
26
34
42
50
58
66
73
80
86
92
97
102
106
110
112
114
116
116
115
114
112
109
104
99
93
87
79
71
61
52
41
30
18
6
65529
65515
65502
65488
65475
65461
65447
65434
65421
65408
65395
65383
65372
65361
65351
65342
65333
65326
65320
65314
65310
65307
65305
65304
65304
65305
65307
65310
65314
65319
65325
65331
65339
65347
65356
65366
65376
65387
65398
65409
65421
65433
65444
65456
65468
65480
65491
65502
65513
65523
65534
7
16
25
33
41
48
54
60
64
69
73
76
78
80
82
83
83
83
82
80
79
77
74
72
69
66
63
60
57
54
51
48
45
43
40
38
36
34
33
32
31
30
30
30
31
32
33
34
35
37
39
41
43
46
48
50
52
54
55
57
58
59
60
60
60
60
60
59
57
55
53
51
48
45
41
37
33
29
25
20
16
11
7
2
65534
65530
65526
65523
65519
65516
65514
65511
65510
65508
65508
65507
65508
65508
65509
65511
65513
65515
65518
65521
65524
65528
65532
0
5
9
14
19
24
29
34
39
44
49
54
59
63
67
71
74
78
81
83
86
88
89
90
91
91
91
90
90
88
87
85
82
80
77
73
70
66
62
58
53
48
43
38
33
28
22
17
11
6
0
65531
65525
65520
65515
65510
65505
65500
65495
65490
65486
65481
65477
65474
65470
65467
65464
65461
65458
65455
65453
65451
65449
65448
65447
65446
65445
65445
65444
65445
65445
65446
65447
65448
65450
65452
65454
65457
65460
65463
65466
65469
65472
65476
65480
65484
65488
65492
65497
65501
65505
65509
65514
65518
65522
65526
65530
65533
0
3
6
9
11
13
14
16
17
17
18
18
18
18
17
16
15
14
12
10
8
6
4
1
65535
65532
65529
65526
65523
65520
65516
65513
65510
65506
65503
65499
65496
65492
65488
65484
65480
65476
65472
65468
65464
65459
65455
65450
65446
65441
65436
65431
65426
65421
65416
65411
65405
65400
65395
65391
65386
65381
65377
65373
65369
65365
65362
65359
65357
65355
65354
65353
65353
65353
65354
65355
65357
65360
65363
65367
65372
65378
65384
65390
65397
65405
65414
65422
65432
65442
65452
65462
65473
65485
65496
65508
65520
65531
7
19
31
42
53
64
75
85
95
104
113
121
128
136
142
148
153
158
162
165
168
170
171
172
173
172
171
170
168
165
162
159
155
151
147
142
138
133
128
123
118
113
107
102
97
93
88
83
79
75
72
68
65
63
61
59
58
57
57
57
57
58
59
61
63
66
69
73
76
81
85
90
95
100
105
111
117
123
129
135
140
146
152
158
163
168
173
177
182
185
189
191
194
195
196
196
196
195
193
191
187
183
179
173
167
160
153
145
136
127
117
107
96
85
73
62
50
38
25
13
1
65525
65514
65502
65491
65481
65470
65461
65452
65443
65435
65427
65421
65415
65409
65405
65401
65398
65395
65393
65392
65391
65391
65391
65391
65393
65394
65396
65399
65401
65404
65408
65411
65415
65419
65423
65427
65431
65435
65440
65444
65448
65453
65457
65462
65466
65471
65475
65479
65484
65488
65492
65496
65500
65504
65507
65511
65514
65517
65520
65523
65525
65527
65529
65530
65531
65532
65532
65533
65532
65532
65531
65530
65528
65526
65524
65522
65520
65517
65515
65512
65509
65507
65504
65502
65500
65499
65497
65496
65496
65496
65497
65498
65499
65501
65504
65507
65511
65515
65520
65526
65532
2
9
16
24
32
40
47
55
63
71
79
86
93
100
106
112
117
122
126
130
133
135
136
137
137
137
136
134
132
129
126
123
119
114
110
105
101
96
91
86
81
77
72
68
64
60
57
54
51
49
46
45
43
42
41
40
40
40
40
40
41
41
42
43
43
44
44
45
45
45
45
45
45
44
43
42
41
40
38
36
34
31
28
25
22
19
15
11
7
2
65533
65528
65523
65517
65511
65505
65499
65493
65486
65480
65473
65466
65459
65452
65445
65438
65431
65424
65416
65409
65402
65395
65388
65381
65375
65368
65362
65356
65350
65345
65340
65335
65330
65326
65322
65318
65315
65311
65308
65306
65303
65301
65299
65297
65295
65293
65292
65290
65289
65288
65286
65285
65284
65283
65282
65281
65280
65279
65277
65276
65275
65275
65274
65273
65273
65272
65272
65272
65273
65273
65275
65276
65278
65281
65284
65287
65291
65296
65302
65308
65315
65322
65331
65340
65350
65360
65371
65383
65396
65409
65423
65438
65453
65468
65485
65501
65518
65535
16
33
50
66
83
99
115
130
144
158
171
184
195
205
214
223
229
235
240
243
245
246
245
244
241
237
233
227
220
212
204
195
185
174
164
152
141
129
117
106
94
82
70
59
48
37
27
17
8
65535
65527
65519
65512
65505
65499
65494
65489
65484
65480
65476
65473
65470
65468
65466
65464
65463
65462
65461
65461
65461
65461
65461
65462
65463
65464
65465
65466
65467
65468
65470
65471
65473
65475
65477
65478
65480
65482
65484
65486
65488
65490
65492
65494
65497
65499
65501
65504
65507
65510
65513
65516
65519
65523
65527
65531
65535
4
9
15
20
27
33
40
47
54
62
70
79
88
97
106
115
124
133
142
151
160
169
177
185
193
200
207
213
218
224
228
232
235
238
240
241
242
242
242
241
240
238
236
234
232
229
227
224
221
218
216
213
211
209
207
206
205
204
204
204
204
205
206
207
209
211
213
216
218
221
224
227
230
233
237
240
243
246
249
251
254
256
258
259
260
261
262
262
262
261
260
259
257
254
251
248
244
239
234
229
223
216
209
201
192
184
174
164
153
142
131
119
106
93
80
67
53
39
25
11
65533
65519
65504
65490
65476
65463
65449
65436
65424
65411
65400
65389
65378
65368
65359
65350
65341
65334
65327
65321
65315
65310
65306
65303
65300
65298
65296
65295
65295
65295
65295
65296
65297
65298
65300
65302
65304
65306
65308
65311
65313
65315
65318
65320
65323
65326
65328
65331
65334
65336
65339
65341
65344
65347
65349
65352
65355
65358
65361
65364
65368
65371
65374
65378
65382
65386
65390
65394
65398
65403
65407
65412
65417
65422
65427
65432
65437
65442
65448
65453
65458
65463
65468
65473
65477
65482
65487
65491
65495
65499
65503
65506
65509
65512
65515
65518
65520
65522
65524
65526
65527
65529
65530
65531
65531
65532
65533
65533
65533
65533
65533
65533
65533
65533
65533
65533
65532
65532
65532
65532
65532
65532
65532
65532
65532
65532
65533
65534
65534
65535
0
1
3
4
6
8
10
12
14
17
19
22
24
27
29
32
34
36
38
40
42
44
46
47
48
49
50
51
51
51
50
50
49
47
46
44
42
40
37
34
31
28
24
20
16
12
8
4
65535
65530
65526
65521
65516
65511
65506
65501
65496
65491
65486
65481
65477
65472
65467
65463
65458
65454
65450
65446
65442
65438
65435
65431
65428
65426
65423
65421
65419
65417
65416
65415
65414
65413
65413
65413
65413
65414
65415
65416
65418
65419
65421
65423
65425
65428
65430
65433
65436
65438
65441
65444
65448
65451
65454
65457
65460
65463
65465
65468
65471
65473
65475
65478
65480
65482
65484
65486
65488
65489
65491
65493
65494
65496
65497
65498
65500
65501
65502
65504
65505
65507
65508
65510
65511
65513
65515
65517
65519
65521
65523
65526
65529
65531
65534
2
5
8
12
15
19
23
27
31
36
40
45
50
54
59
64
69
74
79
84
89
94
99
103
108
113
117
121
125
129
132
135
138
140
142
144
145
146
146
145
145
143
141
138
135
132
127
123
118
112
107
100
94
87
81
74
67
60
