65428
65432
65437
65441
65446
65451
65455
65460
65465
65470
65475
65480
65485
65490
65494
65499
65503
65508
65512
65516
65520
65524
65527
65531
65534
1
4
7
10
13
15
17
19
21
23
24
26
27
28
29
30
31
31
31
31
30
29
28
27
26
24
23
20
18
15
12
9
6
3
65535
65531
65528
65524
65521
65517
65513
65510
65507
65504
65502
65500
65499
65498
65498
65498
65499
65500
65502
65505
65509
65513
65518
65524
65530
1
9
17
27
36
46
57
68
79
91
103
116
128
141
154
167
179
192
205
217
229
241
253
264
276
287
298
308
319
329
339
348
357
366
375
384
392
400
408
415
422
429
435
440
445
448
451
454
455
455
454
451
447
442
435
426
416
404
390
374
357
337
316
293
268
241
213
182
151
118
83
48
11
65510
65472
65433
65395
65356
65318
65279
65242
65205
65169
65134
65100
65068
65037
65008
64982
64957
64934
64913
64895
64880
64867
64856
64848
64842
64839
64839
64841
64845
64852
64861
64873
64887
64902
64920
64940
64961
64984
65009
65034
65061
65089
65118
65148
65178
65208
65239
65270
65301
65331
65362
65391
65420
65449
65476
65502
65527
15
37
59
78
97
114
129
143
155
165
174
182
188
192
196
198
198
198
196
194
190
186
180
174
167
160
152
144
136
127
119
110
101
92
83
75
66
57
49
41
33
26
19
12
5
65535
65529
65524
65519
65515
65511
65508
65505
65503
65502
65501
65501
65502
65504
65506
65509
65513
65517
65522
65528
65535
6
14
22
30
39
48
57
67
76
85
94
103
112
120
127
134
140
146
151
155
158
160
161
162
161
159
157
153
149
144
138
131
124
117
108
100
91
82
73
64
55
46
37
29
20
12
5
65533
65526
65520
65514
65509
65504
65500
65496
65492
65489
65487
65484
65482
65481
65479
65478
65477
65477
65476
65475
65475
65474
65473
65472
65471
65470
65469
65468
65466
65464
65462
65460
65457
65454
65451
65448
65445
65441
65437
65433
65429
65426
65422
65418
65414
65410
65406
65402
65398
65394
65390
65387
65384
65381
65378
65376
65373
65372
65370
65369
65368
65367
65366
65366
65366
65367
65368
65369
65371
65372
65375
65377
65380
65383
65386
65390
65393
65398
65402
65407
65412
65417
65422
65428
65434
65441
65447
65454
65462
65470
65478
65486
65495
65504
65513
65523
65533
7
17
28
39
49
60
71
82
92
103
113
124
134
143
153
162
170
179
186
193
200
206
212
217
221
225
229
232
234
237
238
240
241
242
242
243
242
242
241
240
239
237
235
233
230
228
225
221
218
214
209
205
200
194
189
183
176
170
163
156
148
141
133
126
118
110
103
96
90
84
78
73
69
66
63
62
62
62
64
66
70
75
81
89
97
106
116
127
138
150
162
174
187
199
211
223
234
245
254
263
271
277
282
286
288
288
287
284
279
272
263
252
239
224
207
189
169
147
123
98
72
44
15
65521
65491
65459
65427
65395
65363
65330
65297
65265
65233
65202
65171
65141
65113
65085
65059
65035
65011
64990
64971
64954
64938
64926
64915
64907
64902
64898
64898
64899
64904
64910
64920
64931
64945
64962
64981
65001
65024
65048
65074
65102
65131
65161
65191
65223
65255
65288
65320
65353
65385
65417
65448
65479
65508
1
28
54
79
102
123
143
161
177
192
205
216
226
234
240
244
247
249
249
248
245
241
236
231
224
216
208
199
190
180
170
159
148
137
125
114
103
92
81
70
59
49
39
29
20
12
4
65533
65526
65521
65515
65511
65508
65505
65503
65502
65502
65503
65504
65506
65509
65512
65516
65520
65525
65531
0
6
12
18
24
30
35
41
46
50
54
57
59
61
62
62
61
60
57
54
49
44
38
32
24
16
7
65533
65523
65512
65501
65490
65478
65466
65454
65443
65431
65420
65409
65398
65388
65379
65369
65361
65353
65346
65340
65334
65329
65325
65322
65320
65318
65318
65318
65319
65320
65323
65325
65329
65333
65337
65342
65347
65352
65358
65364
65370
65376
65382
65388
65394
65400
65405
65410
65415
65419
65423
65426
65429
65432
65433
65435
65435
65435
65435
65434
65432
65430
65428
65426
65423
65420
65416
65413
65409
65405
65402
65398
65394
65391
65388
65385
65383
65381
65380
65379
65379
65380
65382
65384
65388
65392
65397
65403
65410
65418
65428
65438
65449
65461
65474
65488
65502
65518
65534
15
33
52
70
90
109
129
149
168
188
208
227
247
265
283
301
317
333
348
362
375
387
398
407
415
422
428
432
436
437
438
438
436
434
431
427
422
416
409
402
395
387
378
370
361
353
344
335
326
318
309
301
292
284
276
268
260
253
246
238
231
224
217
210
203
197
190
184
177
171
165
159
153
148
142
137
133
129
126
123
121
120
119
120
121
123
127
131
136
142
149
158
167
176
187
198
209
221
233
246
258
269
281
291
301
310
318
324
329
332
333
332
329
323
316
306
293
278
260
240
218
193
166
136
105
71
36
65535
65496
65456
65415
65373
65330
65287
65244
65200
65158
65115
65073
65033
64993
64955
64918
64883
64851
64820
64792
64766
64743
64722
64705
64690
64678
64669
64664
64661
64662
64665
64672
64681
64693
64709
64727
64747
64771
64796
64824
64854
64886
64919
64955
64991
65029
65068
65108
65149
65190
65231
65273
65314
65355
65397
65437
65477
65516
18
55
91
125
158
189
219
247
273
298
321
341
360
377
392
405
416
425
432
437
441
443
443
441
437
432
425
417
407
397
384
371
356
341
324
307
288
270
250
230
210
190
169
148
128
108
87
68
49
30
12
65531
65515
65500
65486
65472
65460
65450
65440
65432
65425
65419
65415
65411
65410
65409
65409
65410
65413
65416
65420
65424
65429
65434
65440
65446
65452
65458
65464
65469
65474
65478
65482
65485
65487
65488
65488
65488
65486
65483
65479
65474
65468
65461
65452
65443
65434
65423
65411
65399
65387
65374
65360
65347
65333
65320
65307
65294
65281
65269
65258
65247
65238
65229
65221
65214
65209
65204
65201
65199
65198
65199
65200
65203
65208
65213
65220
65227
65236
65246
65257
65269
65281
65294
65308
65323
65337
65352
65368
65383
65399
65414
65430
65445
65460
65475
65489
65503
65516
65529
5
16
27
36
45
53
60
66
71
76
79
82
84
84
85
84
82
80
77
74
70
66
62
57
53
48
43
38
34
29
25
22
19
16
14
13
13
13
14
16
19
23
28
34
41
49
57
67
77
88
100
113
126
139
153
168
182
197
212
227
241
256
270
283
296
309
321
333
343
353
363
371
378
385
390
395
399
401
403
405
405
404
403
401
398
394
390
385
380
374
368
361
354
346
338
330
321
312
303
294
284
274
264
253
242
231
220
209
197
186
174
162
151
139
127
115
104
92
80
69
57
46
35
25
15
5
65531
65522
65514
65506
65499
65492
65486
65481
65477
65473
65471
65469
65468
65468
65469
65471
65474
65478
65483
65489
65496
65504
65513
65523
65533
9
21
34
48
63
78
93
109
125
141
157
173
188
203
217
231
243
254
264
273
280
285
288
289
288
285
279
271
260
246
230
211
189
165
138
108
76
42
6
65504
65464
65422
65379
65335
65291
65245
65199
65154
65108
65063
65019
64976
64935
64895
64857
64821
64788
64758
64730
64706
64685
64667
64653
64642
64636
64633
64634
64639
64647
64660
64676
64696
64719
64746
64776
64809
64846
64885
64926
64970
65016
65064
65114
65165
65217
65270
65324
65378
65432
65486
4
56
108
159
208
256
301
345
386
425
462
495
526
554
578
600
618
633
645
653
658
660
659
654
647
637
624
608
590
569
546
521
494
465
435
403
371
337
303
268
232
197
161
126
90
56
22
65524
65492
65460
65429
65400
65371
65344
65318
65294
65271
65250
65230
65211
65195
65179
65166
65153
65142
65133
65125
65118
65113
65108
65105
65103
65103
65103
65104
65106
65109
65112
65116
65121
65126
65131
65137
65143
65149
65156
65162
65168
65175
65181
65187
65193
65198
65204
65209
65214
65219
65223
65227
65231
65234
65237
65241
65244
65247
65249
65252
65255
65258
65261
65265
65269
65273
65277
65282
65288
65294
65301
65308
65316
65325
65335
65345
65357
65369
65381
65395
65409
65424
65440
65457
65474
65492
65510
65528
11
30
49
68
88
107
125
143
161
178
194
209
223
236
248
259
268
276
282
287
289
291
290
288
284
278
271
262
251
239
226
211
195
178
160
141
122
102
82
62
42
22
3
65520
65502
65485
65469
65454
65441
65429
65418
65410
65403
65398
65395
65394
65395
65398
65403
65410
65418
65429
65441
65456
65471
65488
65507
65527
12
34
56
80
104
129
154
179
204
228
253
276
300
322
344
364
384
402
419
434
448
461
472
481
489
495
500
502
503
503
500
496
491
484
476
467
457
446
433
420
407
393
378
364
349
334
319
304
289
275
261
248
235
223
212
202
192
183
174
166
159
153
147
142
137
133
129
125
121
117
114
110
106
102
98
93
88
83
77
71
65
58
51
43
36
27
19
11
2
65529
65521
65512
65504
65496
65488
65481
65474
65467
65461
65456
65451
65447
65443
65440
65438
65436
65435
65435
65436
65436
65438
65440
65443
65446
65449
65453
65458
65463
65468
65473
65479
65485
65491
65497
65503
65510
65516
65523
65530
0
7
13
20
27
33
40
46
53
59
65
71
76
81
86
91
95
99
102
105
108
110
111
112
112
111
110
108
105
101
97
91
85
79
71
63
54
44
33
22
10
65534
65521
65507
65493
65479
65464
65449
65434
65418
65402
65387
65371
65356
65341
65326
65311
65297
65283
65269
65256
65244
65233
65222
65212
65203
65195
65189
65183
65178
65174
65172
65171
65170
65171
65174
65177
65182
65187
65194
65202
65211
65220
65231
65242
65254
65267
65280
65293
65307
65321
65336
65350
65364
65378
65391
65404
65417
65429
65440
65451
65461
65470
65479
65486
65492
65498
65502
65506
65508
65509
65510
65509
65508
65505
65502
65498
65494
65488
65482
65475
65467
65459
65451
65441
65432
65422
65412
65401
65390
65379
65368
65357
65346
65334
65323
65311
65300
65289
65277
65266
65255
65245
65234
65224
65214
65204
65195
65187
65178
65171
65163
65156
65150
65144
65139
65135
65132
65129
65127
65127
65127
65128
65129
65132
65136
65141
65147
65154
65163
65172
65183
65194
65207
65222
65237
65253
65271
65289
65309
65329
65351
65374
65397
65422
65447
65473
65500
65527
19
47
75
104
132
161
189
218
246
273
300
326
352
376
399
421
442
462
480
496
511
524
536
546
554
560
565
567
568
567
564
560
553
545
536
525
512
498
483
466
448
429
409
388
367
344
321
298
273
249
224
199
174
149
124
100
75
51
27
4
65517
65496
65474
65454
65434
65416
65398
65382
65366
65352
65339
65327
65317
65308
65300
65294
65289
65285
65283
65282
65283
65285
65288
65293
65298
65305
65313
65322
65332
65342
65354
65366
65379
65393
65407
65421
65436
65451
65466
65481
65496
65511
65526
5
19
33
47
60
73
85
96
108
118
128
137
146
154
161
168
174
180
185
189
193
196
199
201
203
204
205
206
206
206
205
205
204
204
203
202
202
202
201
202
202
203
204
206
209
212
215
219
224
229
234
240
246
252
259
266
272
279
286
293
299
305
310
314
318
321
322
323
322
320
316
311
305
297
287
276
264
250
234
218
200
181
160
139
117
95
72
48
25
1
65514
65492
65469
65448
65427
65407
65388
65370
65354
65338
65325
65312
65301
65292
65284
65277
65272
65269
65267
65267
65267
65270
65273
65278
65283
65290
65297
65306
65314
65324
65334
65344
65355
65366
65377
65389
65401
65412
65424
65435
65446
65457
65468
65479
65490
65500
65510
65520
65529
2
11
19
27
35
43
49
56
62
68
73
78
82
86
89
92
94
96
97
97
97
97
96
94
91
89
85
81
76
71
66
59
53
46
38
31
22
14
5
65533
65524
65515
65505
65496
65487
65479
65470
65462
65453
65446
65438
65431
65425
65419
65413
65409
65404
65401
65398
65395
65394
65392
65392
65392
65392
65392
65393
65394
65396
65397
65399
65401
65402
65404
65405
65407
65407
65407
65407
65406
65405
65403
65400
65397
65393
65388
65382
65376
65369
65361
65353
65344
65334
65324
65314
65303
65292
65281
65270
65259
65248
65237
65227
65217
65208
65199
65192
65184
65178
65173
65169
65165
65163
65162
65163
65164
65166
65170
65175
65181
65188
65196
65205
65215
65226
65238
65250
65263
65277
65291
65306
65321
65336
65352
65368
65383
65399
65415
65431
65446
65461
65475
65490
65503
65517
65530
6
18
29
40
50
60
70
78
87
94
102
109
115
122
127
133
138
143
148
153
158
162
166
170
174
177
181
185
188
191
194
197
199
202
204
206
208
209
210
211
211
212
211
211
210
209
208
206
204
202
199
196
192
189
185
180
176
171
166
161
155
150
144
137
131
124
118
111
104
97
89
82
74
66
58
50
42
34
26
18
10
2
65530
65523
65516
65509
65502
65496
65491
65486
65481
65477
65474
65472
65470
65469
65469
65470
65472
65474
65477
65481
65486
65491
65498
65505
65512
65520
65529
2
11
20
30
40
49
59
68
77
85
93
100
107
113
119
123
127
130
133
134
135
135
134
133
131
128
124
120
116
111
106
101
95
90
84
78
73
67
62
57
53
49
45
41
38
36
33
32
30
30
29
30
30
31
33
35
37
40
42
45
48
52
55
59
63
67
71
74
78
82
86
90
93
97
100
103
106
108
111
113
116
118
119
121
122
123
124
125
125
125
125
125
125
124
124
123
122
120
119
118
116
114
112
110
108
106
104
101
99
96
93
91
88
85
82
80
77
75
72
70
68
66
65
64
63
62
61
61
60
60
61
61
62
63
64
65
66
68
69
71
72
74
75
76
77
78
78
78
77
76
75
73
70
67
62
58
52
46
39
31
23
13
3
65528
65517
65505
65492
65479
65465
65451
65437
65422
65407
65391
65376
65360
65345
65330
65315
65301
65287
65273
65260
65248
65236
65225
65215
65206
65197
65190
65183
65178
65174
65170
65168
65167
65166
65167
65169
65172
65175
65180
65185
65191
65198
65205
65213
65222
65231
65240
65250
65260
65270
65280
65290
65300
65310
65320
65330
65340
65350
65360
65370
65379
65388
65398
65407
65416
65425
65434
65443
65453
65462
65472
65482
65492
65502
65513
65524
65535
11
23
35
48
61
74
88
102
117
131
145
160
174
188
202
216
229
242
254
266
277
287
297
305
313
320
325
330
334
337
338
339
339
338
336
333
330
325
321
315
309
303
296
289
282
274
266
259
251
243
235
227
220
212
205
198
191
184
177
171
165
159
153
147
141
135
129
123
117
111
105
99
92
86
79
72
64
56
48
40
31
21
11
1
65526
65514
65503
65490
65478
65464
65451
65436
65422
65407
65391
65375
65359
65342
65325
65308
65290
65272
65255
65237
65220
65202
65184
65167
65150
65134
65118
65102
65087
65073
65060
65048
65036
65026
65016
65008
65001
64995
64991
64987
64985
64985
64986
64988
64991
64996
65003
65010
65019
65030
65041
65054
65068
65083
65099
65116
65134
65153
65172
65193
65214
65236
65258
65281
65305
65329
65354
65379
65405
65431
65457
65484
65510
1
28
56
83
110
137
164
191
218
245
271
297
322
347
371
395
417
439
460
479
498
516
532
547
561
573
584
593
600
607
611
615
616
616
615
612
607
601
593
585
574
563
550
536
521
505
488
470
452
432
412
392
371
349
327
305
282
260
237
214
192
169
146
124
102
80
59
37
16
65532
65512
65493
65474
65456
65439
65422
65406
65391
65377
65364
65352
65340
65330
65321
65313
65306
65300
65295
65292
65289
65288
65288
65288
65290
65293
65298
65303
65309
65316
65325
65334
65344
65355
65366
65379
65391
65405
65419
65433
65447
65462
65477
65492
65507
65522
0
15
29
43
56
69
82
94
105
115
124
133
140
147
153
158
162
164
166
167
167
166
164
161
157
153
148
142
135
128
121
113
105
97
88
80
71
62
54
46
37
30
22
15
8
1
65531
65525
65519
65514
65509
65504
65499
65495
65491
65487
65484
65480
65476
65473
65469
65466
65462
65459
65455
65451
65447
65443
65439
65436
65432
65428
65424
65420
65417
65414
65411
65408
65406
65404
65403
65402
65402
65403
65404
65406
65408
65411
65415
65420
65424
65430
65436
65443
65450
65457
65465
65473
65481
65489
65497
65505
65512
65520
65527
65533
4
9
14
18
22
25
27
29
30
30
29
27
25
22
18
14
9
4
65534
65529
65522
65516
65510
65503
65496
65490
65483
65477
65470
65464
65458
65453
65448
65443
65438
65434
65430
65426
65423
65420
65417
65414
65412
65410
65408
65406
65404
65401
65399
65397
65395
65393
65390
65387
65384
65381
65378
65375
65371
65367
65363
65359
65355
65350
65346
65342
65338
65334
65330
65326
65322
65319
65316
65314
65312
65311
65310
65310
65311
65313
65315
65318
65322
65326
65332
65338
65345
65353
65361
65370
65379
65389
65399
65410
65420
65431
65442
65453
65464
65474
65485
65494
65504
65513
65521
65529
0
6
12
16
20
24
26
28
29
29
29
28
27
25
23
20
18
15
12
9
6
3
0
65534
65533
65531
65530
65530
65530
65531
65533
0
3
7
11
16
22
29
36
44
53
62
72
82
92
103
114
126
137
149
161
174
186
199
211
224
236
249
261
274
286
298
310
322
333
344
355
365
376
385
395
404
413
421
429
436
442
448
453
457
461
463
465
466
465
464
462
458
454
448
441
432
423
412
400
386
372
356
339
321
301
281
260
238
215
191
166
141
116
89
63
37
10
65519
65493
65467
65441
65416
65391
65367
65343
65321
65299
65278
65259
65240
65223
65206
65191
65178
65165
65154
65144
65136
65129
65123
65118
65115
65112
65111
65112
65113
65115
65118
65123
65128
65134
65141
65149
65157
65166
65176
65187
65197
65209
65220
65232
65245
65258
65271
65284
65298
65312
65326
65340
65354
65368
65383
65397
65411
65426
65440
65454
65469
65483
65497
65511
65525
3
16
29
43
56
69
81
94
106
118
129
140
151
162
172
183
192
202
211
219
228
235
243
249
256
261
267
271
276
279
283
285
287
289
290
290
290
289
288
286
283
280
276
271
267
261
255
248
241
234
226
217
208
199
189
180
169
159
148
138
127
116
105
94
83
72
61
50
39
29
19
9
0
65527
65518
65510
65502
65495
65488
65482
65477
65472
65467
65463
65460
65457
65455
65454
65452
65452
65452
65452
65452
65453
65455
65457
65459
65461
65464
65467
65470
65473
65476
65479
65482
65486
65489
65492
65495
65498
65500
65503
65505
65506
65508
65509
65510
65510
65510
65510
65509
65508
65506
65504
65501
65499
65495
65492
65488
65484
65479
65475
65470
65465
65460
65455
65450
65444
65439
65434
65430
65425
65421
65416
65413
65409
65406
65404
65401
65400
65398
65397
65396
65396
65396
65396
65396
65397
65398
65399
65400
65402
65403
65404
65404
65405
65405
65405
65405
65404
65403
65401
65398
65395
65392
65388
65383
65378
65372
65366
65359
65352
65344
65337
65328
65320
65312
65303
65295
65286
65278
65270
65262
65255
65248
65241
65235
65230
65225
65220
65217
65214
65212
65210
65209
65209
65210
65211
65213
65216
65220
65224
65229
65234
65240
65246
65252
65259
65267
65274
65282
65290
65298
65307
65315
65323
65331
65339
65347
65355
65362
65370
65377
65384
65390
65397
65403
65409
65415
65420
65426
65431
65436
65440
65445
65449
65453
65457
65461
65466
65470
65474
65478
65483
65488
65493
65498
65504
65509
65516
65522
65529
0
7
14
22
30
38
46
55
63
72
81
89
98
106
114
121
129
136
142
148
153
158
162
166
169
171
173
173
173
173
171
169
166
162
158
153
148
142
135
128
120
113
104
96
87
79
70
61
52
43
35
26
18
10
2
65531
65524
65518
65513
65508
65504
65500
65497
65495
65494
65494
65494
65496
65498
65501
65505
65510
65516
65522
65529
1
9
17
27
36
46
56
66
76
86
96
105
115
124
132
140
147
154
160
165
169
173
176
178
179
180
180
180
179
178
176
174
172
170
168
166
164
163
162
162
162
163
165
168
171
176
181
188
195
203
212
223
234
245
258
271
285
299
313
328
342
357
372
386
400
414
427
439
450
461
470
479
486
493
498
502
504
505
504
502
499
494
487
479
470
459
446
432
417
400
382
362
342
320
297
273
248
223
196
170
142
115
87
59
30
2
65511
65483
65456
65430
65405
65380
65356
65334
65312
65292
65273
65255
65239
65224
65211
65199
65189
65180
65173
65167
65163
65160
65159
65159
65160
65163
65167
65171
65177
65183
65190
65198
65207
65216
65225
65235
65245
65256
65267
65277
65288
65299
65311
65322
65333
65344
65356
65367
65378
65390
65401
65413
65425
65436
65448
65460
65471
65483
65495
65506
65518
65530
5
16
27
37
48
57
66
75
83
91
97
103
109
113
116
119
120
121
120
119
116
113
109
104
98
92
85
77
69
60
51
42
32
22
12
3
65529
65519
65509
65500
65491
65482
65473
65465
65458
65450
65443
65436
65430
65423
65417
65412
65406
65401
65396
65391
65386
65382
65378
65374
65370
65366
65362
65358
65354
65350
65347
65343
65340
65337
65335
65332
65330
65328
65326
65325
65324
65324
65324
65325
65326
65327
65329
65331
65334
65337
65341
65345
65349
65354
65359
65365
65371
65377
65383
65390
65397
65403
65410
65417
65425
65432
65439
65446
65454
65461
65468
65475
65482
65489
65496
65503
65509
65515
65521
65526
65532
1
6
10
15
19
22
25
28
30
32
34
35
36
36
36
36
35
34
32
31
29
26
24
21
18
14
11
8
4
1
65533
65530
65527
65524
65521
65518
65515
65513
65511
65509
65508
65507
65506
65505
65504
65504
65504
65504
65504
65504
65504
65504
65504
65505
65505
65505
65505
65505
65505
65505
65505
65504
65504
65503
65501
65500
65498
65496
65494
65491
65489
65486
65483
65479
65476
65472
65468
65464
65460
65455
65450
65446
65441
65436
65431
65426
65421
65417
65412
65408
65403
65399
65395
65391
65388
65385
65382
65380
65378
65376
65375
65374
65374
65374
65375
65376
65378
65380
65384
65387
65391
65396
65401
65407
65413
65419
65426
65434
65441
65449
65458
65466
65475
65484
65493
65501
65510
65518
65526
65534
5
12
18
24
29
33
36
39
41
41
41
40
38
36
32
28
23
18
12
5
65534
65527
65519
65512
65504
65497
65490
65483
65477
65472
65467
65463
65460
65458
65457
65458
65460
65463
65467
65473
65479
65488
65497
65507
65519
65531
9
23
38
54
70
86
103
119
