58633
59942
2456
24170
62356
24228
64363
11701
45054
11235
441
52162
6102
61538
6534
41588
11763
18228
4249
39765
2228
60552
53121
52434
53357
41562
48583
62766
44253
65362
50385
57173
8705
9838
10405
15339
7464
2914
58816
56596
52581
2346
49637
62000
2461
59823
5567
63355
18016
22474
3857
405
4621
58561
55289
50247
2059
43302
18804
16102
23680
7751
5782
51418
3573
37979
64528
57470
2984
37956
60512
60082
61563
59872
61170
58127
65362
22658
50341
63211
2571
4852
61314
11271
62466
16194
53931
43440
37545
48536
32045
7486
20866
3310
13543
1682
55601
4067
31393
35435
8385
8225
1440
675
59519
61945
57150
5255
30064
57116
199
57015
16267
10372
55058
12110
63818
7335
52692
61585
29104
62216
32066
57883
11580
52902
50010
5653
55574
39854
2270
7209
59243
1057
59457
38457
12487
24289
42926
13457
3374
28329
51136
8775
36320
25
9216
19686
3385
38320
17327
43105
59566
54739
17062
12023
56257
61985
64644
53780
13961
46252
4000
9492
64488
13855
56751
44337
60649
8327
55929
6126
10463
45685
44395
232
54081
57959
32595
5529
65225
12310
61114
63959
2295
40203
7964
12250
53263
15145
30042
26769
58114
51131
6959
43271
42720
17822
40528
44867
62895
40695
9651
13051
53134
47601
58304
6164
45624
450
34606
40019
54463
33438
16419
37320
32397
48844
54669
38040
7978
5589
12231
908
62377
61698
39348
9729
47597
12191
52819
14599
53414
40471
45359
46793
52593
18296
52031
56031
63933
12120
50511
59400
64058
64190
53432
64983
60958
13520
8052
64632
18326
59540
52188
9518
64560
27337
5671
63582
63647
1530
14412
53501
65165
10549
3520
35177
50248
54521
4556
44008
18570
57393
48648
42131
56816
11594
10575
11407
48207
48904
27867
37413
51492
5177
6473
9268
61714
62601
46202
57186
61128
17880
17196
17158
11164
1843
17599
56896
33743
60238
58707
62779
43000
17378
8396
36936
62951
58168
62808
13532
63323
47892
42664
54096
9828
53432
65222
57244
1611
15397
64610
62412
58118
62068
49139
53430
3563
29317
41658
28577
7049
50143
7113
55754
8070
20955
12716
7370
42289
48127
62794
52659
6830
8021
51536
30374
5210
30971
12017
49436
12340
35659
1288
8813
52812
2431
11588
44212
56469
59117
59415
62609
39105
50268
39908
58301
5402
34924
19823
15541
34399
62015
40437
61302
17949
3419
54267
52459
65494
27575
63070
17772
21897
3348
12672
44626
60659
50854
9
14072
54825
9953
13782
21786
3927
61576
53748
53600
60417
40644
3676
47031
69648
17319
35546
10218
60681
45899
18144
14691
3641
15204
22181
11244
60723
36844
60342
63758
18411
61243
45489
59013
63284
16184
62020
3334
50798
8542
50400
9525
53039
25622
16500
43375
50537
10461
47036
58922
48827
47411
53799
38158
52660
31146
8725
53775
15330
45174
8530
39151
3523
63298
63692
4663
52365
7796
3501
58677
12042
42573
52749
55897
26413
21433
48394
3027
16501
38950
4160
59987
17728
37852
13404
13570
8676
6017
40613
63579
60147
64914
36482
53586
16385
20879
37768
55149
3264
50051
25636
43559
37828
9148
37631
53825
34962
20626
14912
43350
4985
62544
52050
494
2751
17655
47366
64739
40372
3469
48911
5592
45946
5114
56014
12643
55080
32106
43613
51146
5925
16657
9543
51542
14886
61782
42309
62578
49485
50221
5558
10643
5972
40973
8456
47019
58983
37368
48840
54633
21101
38590
9118
13292
3808
63398
49
6630
11119
58311
63022
6282
15416
56128
56214
61345
63853
23244
63851
50242
64887
60123
55264
53381
30444
63047
42480
13122
57101
49288
21489
9012
53019
48714
7085
1562
58208
58344
59165
39090
40101
62796
19727
39974
59983
13609
8220
10705
45839
20622
42865
65332
28376
55750
20353
55496
18067
22776
28298
20179
6642
6966
39252
21551
52019
7467
8304
19876
55845
6359
5472
30139
17425
11005
39107
11814
12155
9214
62009
47341
62138
3038
16169
58278
57090
44854
64627
10557
14049
5018
18893
2169
18205
62618
3388
54775
41840
5979
15158
36140
54383
5616
44973
60719
15798
64813
56674
8170
48961
58155
612
17098
53643
5115
61791
58897
49746
60517
37888
11679
10445
64063
3556
16510
60883
58837
12658
54258
40701
22992
2607
8676
14908
53951
2764
4513
12736
43483
52334
35153
7832
9419
572
49620
10515
60823
17740
65425
12342
54613
1038
9755
42137
41673
60245
8420
36464
6671
52946
62650
59622
28170
57895
14955
52545
9925
494
50798
53802
54928
966
64515
65288
4182
2441
48819
34022
24012
61143
18461
18893
5326
15554
19370
16283
28946
36067
56372
58441
22384
17346
51813
2339
58226
10350
63091
9976
6877
47289
42262
64859
41810
2518
57699
64372
38678
12217
14212
17329
61031
56441
1334
10021
65021
3248
7789
7349
40007
60394
52545
31324
2408
60771
19962
60089
15189
63586
19264
8053
57428
43289
34269
60424
11086
43973
14579
36459
649
53116
37506
9799
38340
65192
4838
3827
9348
8524
57441
1883
3731
13095
56230
6
6337
46781
49605
8771
13646
61420
41114
4266
55419
1399
34154
62679
48191
11186
58790
61522
8739
44620
44012
8279
33834
61464
18413
12574
63367
860
314
5242
22015
7383
7620
54160
2763
6441
54581
6563
17037
46908
38542
31126
5218
63489
6623
8789
58271
21365
60629
13690
50024
20109
58552
1100
13008
11554
6306
47846
42816
37980
63750
26995
44964
43374
14848
59405
2717
30865
62498
42926
57955
60746
48191
23038
46109
6552
65470
58345
1355
42875
57288
7680
10688
56690
59006
14362
30934
7678
54859
30232
58283
57110
62278
4918
63555
9940
6663
542
60388
30174
39829
40283
5641
1283
161
12366
61313
14396
12580
12368
941
32085
110
4732
6402
57356
5615
63296
64097
8496
13154
15617
8965
51860
65478
2046
13993
9297
30146
14377
6953
13266
58730
15957
59562
48685
26206
17800
49969
60391
51916
58854
26247
7496
58087
8492
54885
49379
1032
249
56252
36187
1402
57791
18942
12848
24395
9500
45347
4621
39549
11761
52273
6881
18557
54596
61894
8014
50496
48726
28447
3784
40470
56155
3970
62827
35712
51438
60111
53480
50444
14220
7036
15361
49216
36068
7863
39007
14411
36419
31462
40261
63180
13611
61299
19015
618
26409
14121
57369
51182
62086
36302
4849
53418
55131
28185
63363
20575
6600
60981
9344
53988
49062
60993
43802
4423
1589
56703
38611
60405
48878
58265
56745
61725
2304
40931
23268
64081
45116
42220
6774
27016
