61044
12143
27999
53883
9966
57676
41790
12198
12458
50360
2917
48287
49301
12796
8243
25060
56275
29178
10978
30850
49358
1345
2617
19416
39833
17127
49239
56347
8313
60725
35948
25134
65033
40786
4295
23703
62878
2908
44525
4535
8225
43418
13166
53465
60951
3801
61645
53907
53284
12483
61716
52144
58369
15550
26553
23599
39311
15805
359
3889
16054
24796
24601
25934
9989
61699
14811
39851
12099
55105
7424
25348
20774
54020
54865
25752
11479
37531
7904
28077
9323
940
15237
62418
55143
3276
17854
42976
43164
43463
53393
22942
57088
28734
50728
43131
56215
59536
64298
59350
40230
52938
48391
12760
10309
18534
10134
53292
57871
59888
38459
30154
25259
5675
64244
1453
23603
18127
308
16517
1333
64559
3499
53685
57820
418
54189
21017
24564
1376
18140
11283
6090
63746
1331
56456
64693
53588
28726
57705
56098
35231
44961
48532
63864
49951
63492
16125
8331
64142
42231
49273
10395
2302
28743
62896
59500
41187
64939
58123
7256
4751
63833
12384
5124
42747
13593
55276
22921
60084
37759
6223
59216
53555
6490
57936
47587
4286
9708
64904
65137
16334
20132
61593
7440
55402
15845
62300
9234
49435
55694
11793
12794
3138
4175
50396
34441
1426
56569
63801
55563
58621
49019
51995
4717
36181
64043
23407
6687
2627
52515
29989
27346
12504
6300
60874
20604
1764
59209
42044
7602
3599
11140
30461
46349
57138
52925
4364
52044
2430
37584
57992
48578
57635
1048
34339
7740
40311
31726
1415
42384
46371
63400
61888
15249
58573
46313
63459
11271
9765
2024
3748
8632
16221
61591
40883
28280
39988
61067
18568
27862
22044
62078
41248
65155
63072
48923
58627
28197
61774
56734
7862
21709
17020
13000
25806
29088
8048
21673
17368
35094
23885
63881
14131
3496
65185
59574
7141
14281
35768
62718
22266
42874
59406
14731
48314
29486
14821
9413
2162
64895
1326
55206
61135
11858
3472
23084
1506
40438
2918
41343
10646
45205
61253
13572
13316
13764
52131
4444
6826
36949
7283
18279
12300
60082
46540
64927
35695
5745
211
4680
11449
2201
59981
36995
15133
10230
26552
8487
6868
24760
11937
6485
6402
61628
64843
40784
49616
14761
48837
990
40745
37146
49608
28236
14120
52944
62268
26594
49846
64261
29376
16520
47713
63410
51159
33336
55586
1387
49870
64417
57768
7371
45444
58279
52989
9553
40329
9733
43591
19894
879
53156
25080
54904
1918
5582
40693
6073
15542
57498
57710
19987
7731
55692
2991
20956
14913
3170
31129
37200
11953
64244
39690
10626
27917
10548
33749
60659
14388
4066
64280
17736
31502
45189
16481
59404
53876
55434
17536
57303
14622
47164
39826
53078
56583
20905
40154
8269
53692
45067
64961
47277
47908
11009
17436
59508
60185
54253
18053
35152
30802
37855
43461
57511
46738
12841
59589
381
16815
44580
55441
9249
3325
49424
45106
5086
43341
61740
47988
61286
19545
36313
6967
57125
16950
18512
1069
51864
58047
45080
35797
7328
3723
25927
22855
4104
8867
22093
52032
56877
39264
31213
6133
2952
54107
58045
62147
52322
21424
4011
35907
1755
62206
15779
4549
64662
27071
32560
35644
28306
42995
3047
7509
5696
11200
5577
14359
27869
1560
36906
64942
26761
65028
59061
62959
13608
30456
48011
13474
63824
3281
5557
59179
19510
43297
43123
58616
61606
21324
64711
27951
52347
52984
23323
52349
1718
4778
21318
65198
9102
46298
979
55369
11159
56414
13544
5091
39238
14843
60092
28606
62968
45936
18388
60517
52844
427
5196
37322
63292
1043
7155
22034
48121
59528
20611
4728
43897
49538
2850
105
2710
20311
27767
63243
2647
30928
13538
63084
28876
55622
1651
6948
30043
6688
56883
1298
8366
32970
2171
61101
14363
12754
19378
49987
48036
47421
49468
46035
23726
43310
2218
52059
33864
62106
14260
59801
58483
54670
43027
24177
26520
43181
52124
63284
11866
3950
48788
18138
60354
19335
61181
41387
4650
17225
29019
55746
14041
32303
54864
17020
61749
63235
12687
1636
16250
63296
9412
61919
714
50393
53036
17831
15257
35119
59107
5255
7156
6963
61867
62316
20060
60858
6643
41494
12273
27509
54086
60052
51629
22794
58435
16347
7269
35954
57592
51467
46602
61680
7824
62949
62918
55142
7652
31863
9352
40843
35483
58788
58014
13677
50471
64515
46910
64164
52937
40884
28179
9077
3592
3176
53386
7019
54308
62286
58843
3666
40659
8319
37750
9546
13475
58324
9835
36881
63114
45323
26863
31968
36977
7903
14397
6493
1036
28917
41435
7195
15674
52081
7826
15105
13970
11338
320
1938
15500
59732
6663
63496
50257
59507
21114
39723
15874
36560
11897
16843
39839
10438
11435
37261
44768
5812
460
9061
51754
8474
56100
52315
46726
20003
51050
32916
44574
65201
49133
34297
62892
48661
26374
65530
50833
8118
60555
63415
45061
32409
22677
12219
30160
47159
21135
54998
13814
16241
63785
50787
357
30236
4277
57974
54682
1756
14487
5269
46655
18358
54831
52344
60328
49159
3998
17218
21125
64904
7045
5736
5190
2255
55358
846
3745
17417
3595
19454
41386
53658
48578
60608
65020
6353
65446
13693
2744
32240
42286
4562
1538
24516
3477
17402
8218
50927
62727
63311
10792
53264
8275
44534
1076
54816
8182
59073
26588
52852
51065
36850
53960
55912
8127
38520
11576
65097
30452
33763
45071
62566
56222
60788
64700
52337
27660
25185
18118
62242
20940
54394
4402
8521
49278
42961
21001
36755
684
53630
20904
1565
32073
11300
25232
37
14375
4257
4866
60152
3540
20408
60745
23045
3770
52604
37672
41503
61037
29054
56243
54577
2617
2046
2050
452
44818
2599
48924
9829
56500
33296
51671
19395
31127
60443
7884
7506
62163
48871
50300
20088
25292
40762
42970
59408
43461
53528
32317
42330
23090
1868
21834
43138
56068
34569
61188
7101
60677
47472
12038
4322
15685
53446
15924
7020
7655
17486
22275
50063
8054
16834
57122
36106
50598
16772
46266
62680
14475
47213
6229
36416
1502
21651
57228
22381
57838
60159
58639
10935
7852
47816
63433
59268
58604
8858
25538
11671
60062
54802
63649
14246
931
12169
24411
43411
63302
63382
18504
21373
55387
10038
373
29747
41902
53107
63052
13678
11458
11840
57660
57280
27233
64655
20257
50483
59911
16338
58299
54608
9141
56097
59141
65179
31786
4100
3240
53428
49103
62123
49718
41064
28524
10427
1254
49203
6911
9759
953
8732
16877
2961
41993
45984
18578
2121
40074
61198
