61368
43074
64109
61238
39978
7761
55051
30117
31602
49664
59040
6875
32574
55838
10173
56327
44681
12162
16492
47566
3541
48299
49627
17189
6979
23643
58147
29733
10450
32127
52503
63047
6751
19428
41955
19116
46110
56789
10473
58705
34764
21116
1987
41566
7335
27473
64936
4176
44113
3807
14219
42827
16889
54574
59092
1104
693
49412
51436
10469
60243
49543
57836
13288
28281
24133
36858
13008
1466
557
15980
23506
26129
24162
7780
61961
18271
38150
11846
54242
5522
25827
16700
50958
51953
26053
9975
37787
7328
28316
7492
2890
14547
61101
56253
2442
15778
42463
45154
44809
54123
19970
58891
31216
49458
43280
56820
63425
61802
59586
38739
54012
46380
11638
8899
19729
8669
56702
60500
59006
40879
28158
25220
6649
62944
1323
24707
17107
64664
18838
64484
62686
7597
58076
58359
5761
54869
21822
26661
1361
22535
9898
2682
64328
5123
57551
65423
51485
28358
59457
55467
34264
41430
44346
64204
49219
63258
17455
5121
61160
43381
51725
4950
2135
30448
64999
63500
40352
787
61875
6682
6019
63104
9681
3368
42359
12404
55314
24274
63003
38302
8233
62681
48605
8046
60725
49162
5248
11778
1831
3531
12707
21752
61020
5888
57891
18001
64087
8801
49721
54391
11878
10503
6843
5870
52455
33501
2855
54124
64809
52195
58321
50354
54590
6167
36105
64056
24783
6546
148
54297
29189
26359
9740
7838
62788
19028
62746
59430
43620
7499
3433
17406
31013
45513
59668
54768
4109
49433
2361
38459
56311
48882
57493
1543
30891
8934
39956
28921
62476
46499
48971
65030
57003
12689
59971
45170
63616
10699
13965
3269
1002
8505
15584
61156
42334
29135
40534
1420
19610
24355
21625
76
46390
65475
64409
46317
56845
26812
61731
62771
6844
25153
16032
13113
26669
29444
7792
19341
13108
37309
25260
455
14062
3182
2063
62423
10418
12285
36415
63805
22158
47489
57160
17290
48078
31349
15492
4803
2422
2082
1632
53942
61112
14140
4290
23937
62331
41588
2600
41182
13761
45901
61275
15313
11783
12441
54257
65412
6950
40195
8589
16753
8570
61738
45548
1993
39571
6257
63921
7057
12610
1092
56443
35455
11860
13646
26885
6505
8677
25753
10948
2838
5353
56626
2029
45586
47975
12071
54553
226
42397
38898
51801
27229
15291
53339
61853
22844
51504
63124
29760
24035
48238
4433
53979
33493
52846
742
45217
61507
55041
8486
47898
58004
50575
9788
42943
6619
47302
16578
65504
55154
23038
54512
1316
5286
42352
7580
15817
54092
54750
20402
5389
57511
2359
21178
12753
3916
28009
37165
8382
1323
39497
12952
28909
12741
36424
60873
13480
3708
59717
22855
26273
43241
19765
56489
52941
60133
19248
57326
10983
48741
43682
51711
57306
26809
41113
9020
54123
47137
2664
48450
49993
10658
18993
63177
57784
55083
16966
35131
26879
37645
44769
59120
45555
11861
60601
64975
17834
45152
51888
8141
5516
45644
46067
2578
42614
62726
47471
61219
22445
38721
9153
53415
18881
18245
63869
55106
58688
44360
34025
10599
3402
31252
22482
5859
12005
19499
46725
61038
34607
31526
3411
6549
52888
57120
60984
50088
21494
3726
35662
157
62651
11724
2418
61636
21406
32954
37676
29190
42833
6645
9784
5419
8952
4889
18711
32699
2438
33414
64215
28707
64570
57586
61072
12294
29200
47812
8060
65323
7077
1630
58678
21070
42819
41836
56022
59932
25979
62437
30825
50748
51928
21797
54488
3915
5612
19272
3711
9618
41249
661
57469
10412
58673
10527
3456
38964
13377
65414
29601
64035
46008
20381
62186
53593
4352
4742
36283
816
65447
7544
24887
49424
62400
16150
3493
44609
49971
5634
959
5508
23772
27764
64686
2250
27644
13254
62325
25331
54790
1013
6643
26344
5139
59081
64012
8086
33303
65431
63477
14080
11443
19561
52352
53486
44363
48279
50755
22900
43773
617
55719
29777
60076
11416
60087
58080
57938
41550
25475
23609
42615
51738
851
9897
6114
46185
19413
65297
18672
60140
43076
3007
17488
28595
54202
15276
33958
58881
16561
62064
58164
13414
689
15612
63761
8865
62708
3596
51709
52084
21389
14832
38573
57505
8321
8186
3508
63439
61243
19655
58908
7643
38540
12133
30374
54104
63068
50798
25048
52654
15470
7254
40705
55963
46473
46202
59029
8012
63743
60241
53985
8860
37938
11314
40043
35259
61816
61165
13134
50978
64072
43527
63447
53541
41377
30172
6543
65014
4097
57152
7076
56451
65076
59287
6351
42143
8668
40212
10625
15348
59839
6884
37561
64962
44318
28560
30802
38583
6715
16972
7200
6467
29068
40116
6246
15066
51013
12504
14359
13358
10196
1441
1495
15453
58893
3619
61452
49628
58648
20858
39145
12934
33164
13339
15571
42910
11384
12747
39618
49118
5492
15
12924
50398
7827
57934
55475
45309
20809
52877
31609
48025
65356
48722
35362
1117
51004
29489
540
55246
4911
63539
62263
47865
32764
23897
8473
30418
48437
19351
56790
14496
13911
62656
51544
64441
31939
1759
57931
61740
1469
16013
6431
49231
21706
52960
49860
61576
50662
8799
17739
19347
62776
8600
2062
7499
1392
54080
1959
5204
15939
4193
21131
38538
52688
49831
61540
64414
8922
15
15964
64890
31513
43033
8375
64572
26587
4939
17860
12685
52106
59752
135
8948
51979
7662
45199
65389
55392
5931
62015
24961
51887
47893
34929
53869
58085
2068
39637
11344
63950
27553
35065
45721
63015
55648
59432
64123
50470
29368
25985
16689
59902
22153
57307
65002
8112
51918
43140
19878
38904
63737
48612
19501
65444
33147
13657
25291
64287
19777
5957
3292
63761
4819
18142
60951
21290
3495
53511
36183
43169
58270
30253
55800
50591
3794
509
59
1843
44177
2157
51608
9983
56368
32917
49647
19379
30388
59041
6790
6363
58494
46861
52048
18698
24291
41382
45423
58124
45761
48635
33150
43565
18509
323
21877
43008
56647
29913
57152
9184
58598
50010
10161
6431
11529
53650
17393
6072
9665
13791
21147
48532
8713
17122
57062
34218
53168
17787
46129
60780
13409
46464
7605
39114
1626
23088
61568
22208
60497
59156
61107
8347
11129
49847
805
60543
57603
8080
27822
13778
59233
55858
64712
14499
64637
15900
25118
47579
61789
64791
20686
20313
50819
9499
539
29433
43085
52111
60157
15839
10429
9728
57374
52393
29888
65132
18352
48683
61315
16930
55511
52647
9133
56310
63890
60475
33107
64539
2210
52614
50190
63402
47401
43172
27617
13902
1048
50779
11355
9136
