40245
61166
45210
62907
20737
65466
14053
7651
43198
47876
63201
19415
41568
16772
44150
21112
29426
44790
6358
60303
64790
39209
52956
6955
51390
51532
63016
51100
48997
1896
9183
12403
32699
26066
63821
56477
9386
7434
56703
16079
58494
56090
56567
58886
294
55766
37842
8348
25916
25913
3700
63644
27528
44223
52532
5701
30759
20515
9709
61144
29218
50000
7996
3798
17914
8495
45828
20151
28204
64718
4390
50401
64448
56926
5615
20527
6719
64653
3404
9066
63817
8942
3694
16524
50227
39844
40933
1565
11929
20824
13243
65097
16892
1041
17073
18067
29440
60422
22720
11671
8215
62568
52890
4525
6227
62545
19925
54947
23540
41252
19277
20420
56917
5926
18248
63259
23057
92
63779
1206
23943
62934
52144
434
62590
27011
20755
20615
6218
57556
43061
4655
5032
38634
45844
49553
60484
50718
48301
58415
61584
55281
905
15856
46744
11867
12179
4440
11515
45329
12130
45248
9871
48547
55042
12047
2329
5914
53913
5211
58809
62927
18404
9456
61876
40749
62539
63871
60888
32994
13136
59883
50390
13355
51555
36905
48736
2684
12245
32566
55853
53571
2667
46763
23925
51242
18237
10922
28078
61852
52981
8964
38057
28483
59242
17963
63878
17784
23107
46699
8934
59766
56825
146
3708
60580
64663
63969
27695
18584
50543
348
58327
36786
39743
14551
24948
64124
58411
16345
55633
19849
8960
5501
12283
18879
34560
13330
58127
54489
20591
15605
34062
5200
27849
55951
36261
36827
29644
19608
48363
63779
13389
53106
53
17172
41260
21972
62772
27696
1400
51853
48203
37818
29875
14888
58623
46811
4323
60438
9276
32912
255
1974
11420
6565
11282
59197
50522
45814
9360
28793
8660
2797
2000
46250
50966
39131
61828
45394
11629
4042
51629
44168
32448
14430
46611
21454
29309
14499
64615
24040
1966
50936
42391
50504
20248
21332
32214
52660
2904
12661
7885
14292
53440
20399
21731
20397
22532
55034
34405
59721
19259
9041
29382
22741
56340
20534
11099
8866
28063
56324
61977
4042
45292
10286
10741
7944
38843
41462
63529
52704
9741
58772
4774
19392
11748
55524
18697
48169
55706
52557
50656
18863
49204
2109
36881
33690
15890
21466
4812
23388
45456
18949
11719
2631
36000
42562
11305
45038
8933
3179
11449
61399
38717
26444
61534
39809
7748
180
2583
11836
19053
61009
60974
10355
29338
52009
52719
32765
49827
8664
494
1754
14265
61311
61605
15883
10126
15996
57224
22133
7013
59361
23911
5750
61697
56310
397
29888
479
47585
64835
40873
46273
1515
40536
44597
61840
49282
38107
11301
16366
59361
45484
55520
59074
14656
57272
10963
6424
51723
62462
16622
5030
54750
937
20025
6568
39951
3361
61625
10110
4034
4562
53272
6298
3630
12450
6148
52446
14080
8143
57638
64277
6536
60186
685
3539
16809
50549
25886
11716
32043
7598
6066
61217
18679
44505
31628
58023
40091
34920
28270
51992
21376
58484
40331
13686
52820
48328
30264
18117
22563
10767
39232
24437
3196
52277
53255
8333
42561
49311
61995
1388
13772
12856
6676
16085
26732
7311
18613
62253
4761
2523
15236
63789
9997
14287
21630
32115
53152
58361
10939
42064
26549
8712
52260
2782
44333
42322
55659
16379
63729
63539
64098
61567
12905
63181
62318
8047
9954
33559
43725
14816
8930
42421
65061
12283
13877
44206
64409
55835
2511
64977
43351
7335
3053
60282
62496
57007
7832
46278
512
6272
3381
31954
32795
32067
57516
50989
58123
46474
2261
18196
33776
49542
12621
2433
358
60858
55560
42611
26814
49876
54366
47566
56892
65463
13875
36640
8912
34102
54717
9420
57464
54208
16971
23407
1068
12247
61653
44896
18505
33980
11965
62227
41407
1800
2799
10636
3385
61880
38613
18737
63460
26307
44074
13072
43521
62270
5458
52985
24054
38534
10109
6886
5354
1964
16934
31815
20615
9687
64801
21784
1306
59212
476
1900
28214
53238
4883
7559
1104
15655
15834
62190
54902
55773
17437
10978
41238
33349
51312
55632
23755
62183
54998
51558
49358
53683
54746
24383
8552
62709
60773
41033
60124
64308
61146
1203
55715
14365
45865
18801
26313
42375
46664
59807
17968
63603
6668
5145
64707
47898
55793
25719
5770
46325
45773
2202
39098
15965
10146
11124
62638
43233
59710
59682
16904
57053
17463
7135
19446
3618
63953
3418
8791
40976
57492
59411
57826
53357
60734
4186
1331
43771
44547
9297
62336
56640
20989
4575
64032
60952
23321
4935
55173
62495
10175
48145
21786
4160
55680
58190
56678
8111
21138
56505
51991
9514
18100
51438
3386
19336
64890
25068
20221
732
2739
20528
50277
15731
60960
62503
4272
38004
8692
63489
42913
21193
59778
696
24899
2217
62109
3604
44756
19915
52836
21919
50648
37777
40429
48699
11328
53634
10846
55495
10878
51318
543
28336
55132
39490
20582
5265
61777
56262
57916
41873
22674
22815
7018
13808
51204
42500
14075
451
11243
13260
12080
26847
27637
15685
1577
33142
30389
3997
3793
58028
23553
58037
2513
34266
64500
54369
4564
27354
19557
6266
59502
50791
2714
20585
472
65124
27630
64291
48504
10506
54490
5161
53429
11525
48687
1694
4902
64594
7611
45293
33131
42677
20202
11303
29707
50150
13996
52944
10617
45288
4047
8334
5739
48751
862
16748
10723
874
14137
61727
774
9775
61025
15789
21112
30304
20951
13079
23452
6453
55133
43691
18899
60211
64783
20428
29798
12699
22239
59381
5474
56840
61871
28097
37222
22118
20595
56626
13673
1
6687
62054
52912
5734
35337
55342
43964
15574
58113
48849
19491
8902
699
1552
33852
59748
53075
55663
61879
56690
45190
14482
15534
60030
50536
13925
24578
2073
23023
40304
61054
8137
41037
57429
24907
57196
3674
7626
19897
62441
6347
6038
20517
32867
12490
61787
15672
7891
8058
61133
43119
21768
23862
57958
20092
59988
41256
53335
54528
51542
57623
58371
65476
60008
40947
14281
23171
54499
60451
2756
60253
64414
17942
28102
62717
43931
58900
39262
59226
45380
50611
7464
41549
26637
58841
17897
564
61667
16382
14492
57054
16033
4527
56203
15944
15900
2450
391
48869
34314
36890
8984
62845
63988
54902
64222
30828
1127
47212
60253
62646
60826
23056
59522
60036
64108
54822
29198
532
1173
4214
59516
3243
55841
54286
64914
17586
8949
1946
20312
57475
42142
10360
1804
64497
18542
64309
53604
55049
42554
11931
59372
10783
50205
14105
7909
392
62798
112
9579
4263
58740
1337
5629
56043
8472
8665
11087
11443
23357
52495
62184
1554
7151
46981
20346
49461
24247
44597
22193
19878
3749
30032
39380
34115
19525
3294
58626
10430
44971
44090
10490
54876
44126
35852
27571
2094
63715
54636
50490
57616
3075
29049
33286
64187
58671
63856
12530
27609
64215
56363
63445
29480
11230
27380
31602
62209
7541
45045
41989
26390
330
60209
155
4610
18021
978
56286
14435
10798
57076
58109
63820
61824
10819
53805
43606
50647
38533
4273
2045
64011
9508
3145
26891
2789
30003
8840
62147
10533
59235
45888
40925
8954
65505
63756
17940
8294
19580
57338
507
44178
34209
7159
51360
56182
50719
53369
56524
58892
64397
22919
51440
55357
40434
12742
78
266
34925
63856
33410
22953
5537
64146
44551
30995
11856
59180
59885
16222
7798
28457
18158
64287
1990
61399
8434
11258
42225
45444
16426
25344
14836
11075
65413
16806
6956
11029
45642
65479
38080
64494
37332
13356
6228
53078
826
48837
6844
42990
39914
65129
52376
900
6961
2098
46721
36641
60351
56118
32069
3158
63873
3311
16944
2380
44437
61791
2016
62599
61711
523
53826
14252
61679
58533
54094
55283
58644
43797
63952
54198
4619
54428
6420
61010
44542
61258
18859
27014
40187
294
58051
64598
34441
1860
16827
6068
47950
19901
56527
46794
54011
63251
58518
10311
40696
54073
7048
49526
3543
14541
44261
33283
50175
55631
15587
11468
5429
2608
49643
41755
33593
55591
53664
4850
53309
23226
39767
10480
43521
38358
32874
17885
53079
5836
57996
30210
5040
5304
65097
3803
40299
58107
51540
27608
64247
59914
57818
3178
3760
61907
7554
6529
4257
60895
53564
482
19052
62695
18626
60358
53400
44084
62784
7172
2500
6807
59458
55142
9023
52731
53251
36030
57557
13616
53926
1739
12718
59128
3316
5406
22333
62329
2421
49189
54895
11421
10699
42518
11279
65041
13441
15659
18884
17300
9296
57810
4661
36912
15187
11391
11700
46260
10458
65461
53452
49960
53674
44809
60599
18315
64919
25721
63460
23090
26006
58616
48368
64595
20961
23264
57910
48645
61929
55037
60237
24541
25770
60986
29489
46838
4714
65093
53624
63085
12536
54428
8302
5475
10540
44795
19478
54500
14740
6942
61653
16332
50719
16796
59992
60736
19291
41697
2453
4937
16294
952
6609
3496
4968
775
27579
24295
28644
54691
64391
33507
60612
19153
1189
31760
54287
32218
63648
65
5060
28718
65106
49600
15111
52202
8816
19586
17779
53022
60159
49110
53819
62769
12950
18441
28645
39713
26091
17879
46017
65190
44126
23122
64796
53572
813
56717
14671
22010
40173
5046
21362
61794
61451
58142
14837
60725
29606
30428
62196
13633
5050
60122
43997
35756
62782
65164
63580
8424
40679
917
52123
52291
59069
33320
20381
9862
15470
64641
22274
51745
46912
50140
60129
5299
475
17352
27513
51647
63136
53617
12312
5147
7959
20060
27088
58454
17005
1874
7400
39288
8946
9182
22599
162
42097
41320
61835
64356
5275
22190
47785
59101
563
13462
60924
18989
61944
38168
21998
6592
62641
5699
11798
43147
2223
1728
2941
4778
4596
22176
22977
4194
10612
56337
2999
60915
7695
48210
60957
52882
39249
57533
43585
7934
45167
51922
13483
60016
63436
23918
4926
5723
56836
11542
23691
59582
54615
55097
6626
25487
3255
57117
20934
61917
22161
32637
13546
61702
54095
676
5735
52629
19109
58504
10743
59430
60452
54689
30424
40653
59583
4375
55390
56992
3992
17304
55731
58569
1329
3233
10488
47468
9153
28835
17422
60740
761
4178
13642
21173
46423
55586
20322
58434
62540
5494
2576
57026
46360
46424
46694
6408
54209
55338
43303
57558
12701
42097
59704
4305
4386
33873
11598
54643
44019
15315
41693
62513
33506
32740
12877
640
5073
13875
17018
25525
61642
2911
57641
65503
63743
53210
14813
45852
63538
42387
20013
63843
3026
46560
15797
63055
63780
52732
53292
9346
12964
40609
1692
59273
25008
40800
20850
5548
33276
65466
45236
2838
37043
21761
59688
47889
14118
59393
4867
50623
65097
53989
54091
16580
58422
62444
61501
50101
57502
3200
22402
27372
11715
35486
58858
50012
17307
17779
62498
62146
18434
57686
21134
62326
64941
2300
63427
48159
2059
7411
58707
1362
11124
54944
6561
11953
55635
383
57078
61976
60627
64281
51824
17324
50877
3250
8471
6496
56727
4311
65337
57648
17396
24349
42123
46285
24597
54270
20603
1787
62692
5226
161
53749
4832
38826
18892
60226
17890
63975
48543
41582
44992
65267
35986
58221
60030
10729
15489
50894
43535
11089
17312
56333
6303
63724
62087
56512
23241
64691
57191
10798
3563
54306
35389
8065
31008
27844
59969
4015
43802
49145
3543
54207
35382
12459
63013
64724
60984
49363
48426
25139
57320
47747
18237
7910
16777
5053
6223
54833
16342
2414
54277
10104
46565
45116
9725
35386
21876
62699
4703
4684
802
5670
9454
678
10219
9200
26608
42256
3755
38115
19112
60852
7109
20925
56987
18248
58961
62808
2633
62630
5978
53402
14656
39502
58045
64959
50729
50066
23963
39210
54297
63350
6342
10465
2390
44559
51646
46373
52712
55517
8608
3287
33922
43628
1862
59665
6044
45757
59312
3258
15406
63318
21628
51276
60602
17859
21522
9717
4256
77
54638
62791
24069
15407
24567
60356
32389
4515
11438
21616
18471
35620
63134
4946
28893
1228
24902
28516
58675
15601
47506
50366
65096
466
29039
8195
1168
5340
44082
49571
30000
40556
14865
525
4021
59815
60700
1884
28799
55855
63205
46018
55321
49097
28776
63305
11011
42578
60712
62825
28771
63163
51371
44252
52180
4731
9644
48604
47794
60550
8650
33435
3787
55887
20882
55494
61349
49477
6092
54501
34671
40630
9521
1988
5072
50768
5122
10826
53872
62663
54964
54776
48137
6537
982
40525
37847
50927
9325
50112
53314
11317
61623
25438
4313
11549
3270
51696
51335
53474
11381
4609
22695
63955
55753
4631
8240
63654
10134
2842
64585
58255
31305
45049
43126
64036
41224
17080
9273
13220
14815
9494
56633
64710
6433
54840
24734
57060
4264
1170
1814
63255
22012
47742
3268
26399
40641
58407
32373
13465
5520
1704
990
774
15129
55787
20307
60994
46787
3468
53154
11010
61673
16029
252
17496
52175
55425
10343
25336
36586
61212
59910
15812
624
57973
11970
26201
1659
52745
1798
2557
55466
5180
62088
55678
40314
63039
63910
15767
17146
42933
59749
11046
52194
14513
48433
31906
47485
9177
5893
3523
46751
7085
59883
59081
55957
5618
56902
50712
11915
53164
53211
57335
25979
15741
17499
53491
48751
44187
64360
2834
20480
48447
19797
9296
14424
35053
50344
31197
16076
18979
29468
1181
38998
51937
4283
49323
759
53986
3457
658
10142
58100
60847
61092
47050
49210
3706
24822
42532
56140
20691
47685
9447
30142
16668
16624
18175
55606
49200
56177
62835
21421
18455
58215
18679
59128
23310
4408
52253
48900
62832
33157
9840
57097
51129
14170
3629
63134
56043
62335
6864
51326
48495
14953
7004
21480
34025
5063
734
63379
61984
58613
63149
48082
53680
55477
16637
58357
36017
7058
15607
914
63663
5031
35564
41317
3306
59050
22568
51485
65084
12197
51342
27936
64263
41217
22870
4653
42253
60412
48139
23757
56132
34
4197
4725
14280
43851
13050
7023
8365
39759
64865
10495
48846
57505
2350
60826
43795
25559
54763
48544
33007
56601
63557
65453
13791
60518
5128
37653
55614
58158
109
4854
65073
11849
46649
17380
25045
39613
63534
52191
1538
17060
45827
34856
56389
52517
38738
13070
7552
20338
62011
53958
56563
1438
58673
28120
22948
53633
10772
6928
65410
56792
43285
9275
2890
53736
63618
18211
50747
46968
20217
60463
26990
21418
51634
8343
62890
19278
48951
5476
60358
9880
59364
9286
4605
53619
938
16280
54673
4144
13337
55393
53834
6512
37377
10174
50735
26199
13521
62536
17240
56099
48270
50297
52716
8159
47024
2033
63909
12225
31823
16074
36256
58963
54875
46381
8646
61997
51458
16365
62779
53774
63344
30744
63422
15979
3950
50597
47218
22991
21063
17696
20832
31547
62241
289
33140
60526
9024
60571
48600
13725
33263
56379
413
4725
52676
9520
62157
26534
38054
53361
48155
28420
2070
8558
2273
61053
15420
62011
49559
56406
28433
56012
24723
2394
5905
5996
8658
46566
59165
15826
11128
19794
24941
20098
60153
3386
50916
47678
3515
162
41699
20878
19571
9484
55475
281
21109
61090
64788
27773
56975
54757
63445
45450
29874
49330
16077
15083
12909
5015
61364
52331
16138
50665
33171
3063
15229
6382
52348
53022
8975
43032
16594
9680
21942
42495
62889
51370
43772
3453
8483
30018
28207
21181
18929
37140
54619
58405
12925
20526
33743
16958
40034
13549
62947
54540
55392
48082
56830
50418
59219
6842
46202
31579
55218
36563
36705
44317
39478
4779
61686
5930
59271
64492
51998
12516
55138
61069
38816
7458
23402
17148
39016
54129
49293
57287
50523
12128
56232
18151
4575
13249
20892
7760
40232
54223
63337
13472
65359
7594
47368
53674
23206
4634
826
17339
50370
58462
15504
18116
17740
44775
30359
50196
24121
60639
393
1339
1327
15145
3629
65156
48199
56270
50308
49727
34662
22306
63342
34552
1695
54499
43518
50370
39754
56639
3562
22728
50811
4229
35912
16767
4750
61280
14733
7419
9312
52328
62131
166
1251
59638
5367
34254
63800
49697
57748
8329
64326
4171
2981
46547
728
5647
60060
24574
260
22091
57593
42144
49896
55723
53855
52819
775
57393
3550
992
4455
61425
62280
56728
56134
32632
58033
56200
63638
5378
57495
61819
55516
61308
15370
16123
45403
48572
25660
27287
11407
53164
1537
47487
54287
51972
57820
58657
56743
8609
3071
2980
62674
6679
5107
26010
10819
60453
4598
5022
6768
9205
60334
52608
3267
64921
11925
2850
524
12820
22993
30651
12730
4827
51342
63688
45033
19550
44176
21871
10855
21043
65473
64534
1782
17291
12996
119
61267
57818
37368
62116
26241
18026
14436
47660
40668
19271
9046
12234
6603
584
53414
50635
62457
60282
40768
59469
63781
15957
58467
41382
52420
28626
20183
37350
23330
20373
21931
17092
54575
53772
42363
60840
53852
50050
33232
49554
61943
55060
57176
33570
35667
6243
35716
16907
2131
35526
51762
48683
8208
57943
60080
15079
35675
47412
11921
45004
45999
52616
29521
25781
10196
1374
11383
54626
39736
56847
48225
58827
15560
58024
63804
37935
20679
9637
763
40659
49530
21940
1616
47515
20342
36399
65357
4082
18816
23638
31305
13452
19772
16642
29909
43571
32360
55493
58115
5406
4796
18963
13127
3636
19839
40858
51322
51796
4269
43950
65393
3521
3628
1342
13029
54222
54770
54731
55052
4444
15720
8896
804
1283
51621
1956
53896
16543
59593
3693
6887
24366
56130
13708
1780
40766
1770
54957
56770
14031
27190
13713
60548
11249
59985
4165
54731
65042
26660
22326
50050
12566
39493
49520
500
43731
2793
48673
58443
30827
46382
62005
11770
12101
62769
45006
63061
23226
60347
13372
42063
20642
60982
41797
53299
13565
9176
5879
63079
15099
50356
46659
59381
42590
62263
35786
42486
15500
62206
15436
9126
58818
37980
59273
53367
48351
7146
46819
20605
32229
62054
3324
15165
51613
26357
43337
60217
13272
56796
11427
44412
51010
34527
19407
4582
58252
15810
17356
50206
44855
14250
60643
60342
62370
35522
493
52685
25729
64863
4631
62378
38013
4454
5357
3220
3333
48837
30069
21229
244
53403
64607
37742
35161
9477
3302
6935
36699
60036
56831
7576
61378
9237
14051
25232
25950
12187
56269
17658
1688
4481
7270
10536
62563
16527
55428
47099
10330
60403
52574
1934
58075
9066
49763
28669
14863
48005
53161
59814
37182
50495
65013
53743
58273
18286
50776
17618
64058
62227
54680
4056
56122
24307
54737
5958
18181
17707
63303
51452
49455
62668
1177
12788
4076
46051
1813
58625
46306
55012
166
53781
27832
8918
60657
10111
48376
56873
6054
63543
35899
55089
30316
26570
51743
58583
45671
6651
7564
6694
13911
13144
11991
54276
15328
22185
37334
5676
50046
58555
24958
21936
39476
53215
28028
47751
24159
80
41907
37860
28635
25835
19524
47328
5037
64991
19265
55071
9823
13527
53484
63816
45377
4930
26601
17201
31266
4079
3111
52969
56461
14079
953
7876
3257
17962
11344
41902
15266
24640
62379
43980
60851
47481
62237
8123
16849
39477
19854
62288
25183
41621
59208
47070
64532
34030
52506
59640
40554
12320
48956
31855
10673
28493
6925
2811
6285
46120
2739
49943
54216
52148
50629
6861
53365
26801
44240
51331
7410
53779
49585
3993
24960
16005
54352
61452
17133
20107
62220
6138
10733
59040
15847
20777
2715
22603
59042
36838
7462
57327
63191
11841
62342
60252
37839
1018
2763
6826
61325
6521
13820
16078
47990
40612
44546
1888
49562
30135
50843
63930
63097
36333
61358
1583
63406
2308
35364
55670
62438
7987
47348
46688
45038
1254
50634
63684
50651
17072
56158
44507
12063
5436
28006
60745
52380
54176
46038
48038
8958
54721
21554
52854
31979
18484
57898
28598
4958
59752
61785
65400
16735
55946
51620
37912
2178
5430
11417
53444
60481
52469
18896
64619
27522
57197
26589
4601
12506
33268
7048
64761
45716
46867
6069
57718
115
11359
11142
5808
52059
9757
11059
3065
48396
10367
13559
46410
35907
20138
14315
62786
61030
8231
10833
39335
2909
10476
10871
10917
3072
15513
3953
3631
19250
45343
59460
58763
10836
2242
50592
48933
6282
61378
5466
63604
13702
39621
5362
3288
25092
21223
45425
31405
14802
2668
15309
34087
54664
7582
40821
45775
12521
43634
13882
3169
2648
64810
59443
48437
17894
64362
10894
2708
48331
12383
51273
37031
56350
57802
42346
12259
4910
4039
20908
6842
7813
40496
46237
20388
64407
44998
12472
57467
4270
28192
56476
25388
49088
44085
34290
3767
26417
54283
64405
65326
20288
50530
53488
562
55227
49500
19845
52701
49779
10524
12531
50167
14207
12224
63940
56541
1720
15867
579
14135
6580
58558
7378
2021
17561
4695
51057
15514
35149
50939
65349
64200
55314
64365
55705
64295
62681
56326
22736
54046
5916
53145
45099
1324
42023
61788
8666
12826
48959
55919
54884
61839
1256
31653
11643
16503
9528
63150
22911
54477
5106
59839
34505
8685
60963
5756
49858
61129
25652
54624
56747
62739
22091
15267
1677
6182
33889
61499
10157
16093
15214
61997
14661
26747
48149
34779
24448
63786
53854
8816
1528
13181
21466
52394
56472
2689
48794
58700
63788
48380
62441
4807
40444
13104
38730
5619
16316
52109
49880
45083
62597
16731
59146
20366
49203
19697
8310
12009
3558
6753
10820
63056
61871
15682
57964
463
1570
37648
52399
20154
65131
52560
7049
1322
61863
51643
51300
48893
15958
62095
62084
27650
48817
14322
57162
9814
12592
8201
14418
54353
7479
10553
46858
50350
61186
61113
49755
2063
8499
23718
24137
6933
6389
33644
36936
14685
55633
3847
1846
4147
12075
16645
61272
16190
54550
3872
65295
42878
4767
60825
7644
58915
17691
63539
83
610
3499
3184
6210
44124
19747
3527
54467
891
39371
969
9280
1661
14289
9061
63967
5784
3360
31651
58015
13415
60122
7122
18197
55101
58922
14912
28149
65175
53870
23140
3461
23441
36428
62554
6627
61350
1145
53205
37973
31067
22267
51552
46614
55929
32184
26343
58517
43387
13768
4658
46502
15950
61581
59146
29087
5128
5357
63833
43861
63912
57812
51533
40931
46632
44085
10251
11695
53175
9488
31449
47256
11606
35957
18176
8829
41314
58015
31238
43219
7096
5414
64961
58517
51355
53348
24514
46834
25636
6211
4390
64357
62532
46410
55233
2076
15280
7487
8989
44800
13920
65134
9219
64006
5732
49169
14990
5460
37531
1937
65029
56738
2696
3646
14289
15379
31073
5272
18427
19606
33694
6203
9897
52198
60454
55363
12711
57665
17426
14171
56139
14493
52452
45698
56050
13804
50352
45505
59755
62198
2938
6080
6941
15355
3574
62273
62719
52295
59207
26982
53683
2922
6724
51697
23497
13215
45452
51741
46894
51504
64730
4657
54279
3500
47226
53144
29799
18151
58993
15924
26235
22844
708
9256
51687
29185
4908
61961
5053
7803
53453
53837
3550
7111
43042
11951
38972
65039
5964
8245
41819
51103
6843
32300
20754
53348
16509
40544
51151
57328
43021
14023
6308
20681
8439
56151
39108
33920
47836
52435
13961
32052
42505
13705
4227
4092
58421
47796
1979
8316
4987
55816
60993
60930
52947
56422
46644
563
21144
5777
38038
48996
55472
29855
5125
41366
12202
58085
63606
63280
9799
46494
38089
47149
50536
61554
5314
40913
55549
11650
58213
57820
15365
5174
11660
57461
24478
421
22063
23911
60041
53986
62887
58210
43678
14118
17239
59566
8343
18605
12217
38030
20135
53312
9711
3144
12262
20620
54229
50718
38052
52945
26107
61080
38070
43527
1424
63130
3391
19084
2631
24751
6120
63034
39866
273
43245
10024
15196
51760
20196
64539
64237
23160
64621
20695
2285
11719
57219
56533
10801
57063
55208
65305
12348
37973
27873
11277
23153
12272
61539
56610
55245
40711
4565
23710
2530
8326
16704
2490
12448
8394
12602
54891
451
8658
54181
21973
14900
63606
63352
14896
55573
61947
35045
64129
22352
19098
45556
52452
60967
45947
14740
63101
35028
4328
55952
27960
35922
43995
55177
39826
37161
60461
1679
64005
6921
6944
21084
30179
39564
23177
8360
64889
34739
60915
51845
19013
33696
52986
62427
2943
693
59224
18459
61267
59529
47560
13315
44468
57528
13284
46158
11325
27537
24898
18391
51861
4753
11235
56128
64283
6257
55834
117
7599
12496
64468
2913
26745
9542
51958
8461
22212
26573
56497
41049
51990
52126
58758
8725
56631
32534
64567
7451
62925
20329
48471
8813
61159
40311
3796
32477
38995
11443
8028
50560
31780
1833
52911
17882
12786
1283
11334
53302
7555
64226
7273
63391
58610
58285
47020
13004
55319
48382
14444
8097
40912
12876
58764
62044
57308
51657
1922
20262
53686
37686
57926
7753
56391
17553
63733
16824
52984
56404
37845
41814
47661
43347
2635
16500
44208
13151
51942
57197
4571
7962
7257
50826
13788
13956
3257
55262
54536
61849
5910
64150
52381
4498
62797
60928
24433
52956
29487
47919
54253
64673
8584
62928
27016
37065
62458
35075
11960
53109
61579
8413
18141
63664
59974
6706
43298
10050
59082
53702
58331
44855
7304
10860
26135
17274
6402
10000
58696
17653
6630
58764
12756
25362
57019
5746
45502
6853
24714
55115
33128
13838
58733
7025
59767
5280
47225
42718
56638
23917
35086
13851
49349
61454
61623
40785
51406
24525
18403
59173
52185
53430
56035
32209
23795
7761
49663
40718
9565
38125
53753
39553
47725
28766
55861
16879
53271
32097
61829
12968
57369
19209
12701
20338
48595
54344
62884
65529
11920
5213
55379
59624
52170
47829
63931
55670
60158
12920
62032
32214
4228
5740
56510
23654
16341
22447
42394
10649
6676
2622
62623
64258
21102
3304
61595
5789
2334
4870
48984
58759
4121
19461
57264
7158
58106
50748
25040
52290
2263
60514
16194
5681
58917
59295
59586
9242
56195
9242
51878
33725
47958
45621
63992
13309
6487
9565
11535
15581
48697
5051
49918
15611
40267
16279
44973
60900
7549
53535
55052
17075
5458
54023
62763
43582
3494
39657
49529
2109
59885
6233
3972
62085
16972
62789
55984
15975
47861
11663
52303
60063
56956
53654
31811
48909
