49909
15261
20087
58600
3345
1604
42496
15611
18932
35137
10178
50117
200
55388
27738
11131
61182
16509
22092
11317
59883
1911
43520
57553
23501
333
4298
12372
48017
58814
43437
11324
46189
46535
53909
54727
58783
59727
58991
1146
18142
6262
53357
1136
20557
45649
3254
39961
2202
20778
40225
64816
45914
63150
22787
2281
13074
8910
39015
48423
262
19091
42634
18314
42455
18572
31826
45074
6184
60903
63822
36497
53903
5887
52099
53641
62984
50044
53049
64693
9675
12741
30497
28095
64113
56282
10252
7446
57199
17550
59682
60829
55019
58649
63630
52294
35093
11375
24516
26187
2785
60868
30190
42336
53570
4013
27195
24263
6828
62716
32445
51211
6333
3060
14925
10324
47875
19736
25832
64645
6080
49770
65429
54938
5130
23984
6332
572
1352
9352
919
9919
1647
17902
49160
45688
38210
4236
13242
20437
12609
64320
14995
63580
14289
18947
32732
58098
18781
11263
9577
61815
50773
4756
8910
62838
19253
51402
26115
39194
17930
18171
58297
10095
19618
63767
23833
63993
63471
1052
21801
697
50320
64172
60854
29502
21449
19418
7533
59534
46877
6842
4049
36662
43854
49606
60039
47282
48110
59320
65389
52132
4660
16411
49042
12585
13554
3180
11058
46622
10971
47930
11910
44346
57045
16640
1308
6512
54989
1286
63247
64067
18217
6379
59715
42050
61530
60996
62327
34509
15037
57018
51518
13232
55492
38301
53793
1890
16032
32748
55906
53865
5213
47909
24246
50755
15788
11162
30384
63277
48985
10630
38608
29492
57857
19000
63999
21638
23249
44849
11441
55735
57063
61711
4479
63269
3412
63012
26415
19742
48407
1444
59008
34884
40521
17297
22953
64533
61495
14735
54610
14880
12373
1573
11690
18585
31331
15004
54431
50662
19497
13372
35179
1974
28326
54949
35695
40600
31507
20078
50319
62188
16697
54151
1217
16494
39682
19115
2343
25910
1286
52145
51610
37415
29588
15034
56688
45907
2172
64274
8419
30754
63754
5884
7286
2996
13731
60804
44541
45046
9286
24986
5570
2799
64877
45349
53096
38395
63981
43153
15979
4116
54111
45250
33711
13966
50951
19008
31582
10809
1573
22823
7441
45601
45623
54047
22823
18600
34164
53436
4280
12619
5729
14465
57781
20078
21105
20702
19624
59514
31187
60376
16609
10294
29535
27112
59106
21814
10903
8653
30112
56871
64375
3092
40681
12144
8980
11043
42499
44702
63292
54323
11391
59383
7654
21397
11153
55343
19531
50247
55626
55440
56184
20637
46939
65263
34443
28633
16872
26195
1355
22709
45282
19407
13170
6191
32031
43244
12719
46885
10415
4441
4815
57142
37043
27549
59968
40074
5259
65195
2269
10650
18404
60531
59999
8411
31660
56703
54652
33355
55265
9581
64083
63611
15944
61167
62069
17021
6986
18095
57665
24788
8287
62496
21646
8101
58992
61519
199
27533
309
43076
2819
41808
48964
3379
39249
44416
58507
52386
37958
11987
17132
59669
45116
50704
58511
12707
54597
11383
6785
51948
58717
13680
7349
54769
2860
18531
4954
38327
2353
64899
9082
3333
2358
55308
6119
4530
9236
8096
48795
11735
9205
59942
2641
6132
59876
4694
6610
18714
54588
23910
4783
31627
8612
7731
57570
17916
44413
26622
57556
38437
32106
26649
54749
22984
58825
35730
15551
57106
53036
31512
19868
25152
8441
37737
21154
7378
54404
50828
6438
45001
51128
61501
1130
14003
11218
3355
16542
24478
8420
21282
60818
4933
1752
12873
64414
14638
11775
22171
30050
49219
57964
9670
42840
26002
6046
53658
64643
42444
41892
53290
15337
64260
2603
62342
62899
10515
1179
61642
9382
10531
33556
49343
11514
6437
39192
400
11773
9799
44142
64377
51931
3298
1413
46820
5108
63545
61456
65238
53362
11248
48353
2262
5558
1031
31285
35242
36271
58142
52901
58829
45673
1304
15848
35490
52113
10995
4319
575
61471
59576
41886
26856
44915
48297
46811
58694
61161
13311
42001
10142
36489
59863
8984
59425
51926
22541
23386
2778
10770
63713
47388
18222
33624
11715
60043
44319
3462
1229
10073
3554
59421
38380
17750
61141
26621
41888
13097
46139
61441
4793
52938
26843
35681
13434
4173
5160
64051
15737
31660
22625
9972
64109
22624
63216
58400
1743
2174
28038
52535
4121
5984
65418
17866
15172
61987
56522
53542
15778
11893
42687
32793
54144
57268
25014
62875
54821
47702
46409
56118
56274
23937
11717
63269
61510
41330
61905
64828
62551
1117
53625
16358
47948
13653
25008
42818
50299
62436
14583
60879
3471
6451
63502
50222
54186
28371
5658
47016
42634
63701
37908
18998
6834
8048
60380
41180
56806
62229
15133
57623
13967
8697
18697
64686
62846
1766
9238
39726
58551
58325
61979
53379
57896
6248
1879
44050
47870
8749
63982
57173
22171
3607
64390
59382
22342
1026
55952
60269
10777
50319
21440
5164
54985
59911
58268
9234
20851
53986
48384
15427
19773
50392
604
20883
64870
28351
16263
1243
970
20779
49740
14822
60806
15
5418
36651
9397
932
43449
19617
57875
1334
25532
2480
63168
3314
50021
25240
57802
25291
46496
33993
40962
50932
14384
52364
10941
57283
14710
51312
1870
30667
55451
38643
21087
2787
62753
53876
59153
43684
22993
22907
6667
13974
51202
40678
18431
1057
9156
13269
8369
29716
23493
16008
2665
34106
30282
7007
6406
57290
24451
59430
4085
31620
62266
57364
5135
26159
23185
6704
53388
50595
3624
20769
348
64202
24581
64838
45886
6672
56380
8953
52575
13953
49316
1642
5261
227
8537
45349
35107
41436
19417
13603
27360
47919
15595
54542
12003
41663
3726
12141
8235
52104
65122
15621
7498
64781
9556
62813
3533
12002
61933
11826
18658
28264
20808
15850
24528
3469
52716
48185
21090
62606
65237
21832
24563
9484
21402
58926
3844
58852
65504
28823
38177
23167
22423
59332
17226
64020
3484
64318
54585
5257
34597
51526
44694
16281
59339
53157
16106
6269
64689
1783
34401
56808
54062
56402
63502
59041
47454
13187
16284
58333
47788
12127
23225
64584
22711
45234
62121
8943
39265
50050
28204
63188
64843
4883
15736
61699
2955
1034
18311
32144
13610
61918
18377
11631
11492
63051
42908
17252
21942
63283
19930
60587
41295
50910
57932
57306
58299
58081
62332
61906
41706
13442
23769
56817
62821
901
59757
64332
13496
29281
60155
42547
59543
38263
56286
43152
49088
7786
42973
26127
59723
17436
4731
60515
14839
17616
55890
9814
3817
57723
10605
13583
2184
3340
47914
35491
35706
11582
62007
63928
59224
893
21338
5164
49079
63245
64311
63580
24697
57351
63935
62271
53623
29549
4504
62219
3030
58127
2992
55574
51786
64959
18972
7792
1530
22338
58290
46827
8382
64364
63862
13552
64369
53773
56377
45148
10058
62355
12441
53646
13314
5227
145
63852
64868
7827
5501
61504
402
5239
51171
9798
7513
7469
11179
27192
50352
61336
1931
6838
46964
19675
49093
22896
47636
23298
15720
4385
33520
39330
31449
22178
5750
59770
8379
42897
41116
8760
54141
48003
35912
27754
2307
65200
57556
49005
55835
4741
31141
34970
63706
60216
64723
9584
29782
1574
57138
61190
28581
10246
23908
33267
61769
6433
43962
41462
25034
63400
60781
63133
64896
19754
62657
54612
13623
12040
59517
56055
64196
65296
9883
50101
46509
50468
39244
6605
4959
61867
7497
4980
29020
63415
29098
6932
58484
7940
60785
44998
37317
9420
62761
62706
21689
8738
17913
54851
64651
45626
31842
7934
55960
54005
52566
55657
56142
60715
60475
24563
51999
50587
38341
14194
3064
3812
33752
24
34049
23273
6480
607
43263
31615
11671
61205
62802
14661
5792
28810
17451
434
2971
61906
9151
14844
43419
49705
18418
22100
15016
16030
2013
15748
2794
6673
44438
59
40997
60872
36082
15294
1175
54146
65256
45312
4717
42761
42346
61025
54763
3933
6730
65520
48622
35911
60782
51113
24420
5136
113
4419
14851
1728
45273
61508
8047
61068
58451
63521
53151
12074
62076
59256
52051
57449
55963
45707
65187
56229
7283
58034
5240
63025
41141
62047
19427
27456
37526
1607
56803
60010
39996
2920
17372
7335
48906
24164
57503
48220
53272
64609
54946
10294
38196
52915
11274
51542
3883
14896
44812
35074
51107
56849
15536
11961
1921
2288
52876
40842
32435
57369
52504
8389
53141
21393
40402
10666
46531
41194
33221
19379
53042
7889
58093
31114
6394
2759
62516
1705
38278
59168
47946
33203
827
61943
53653
2282
4730
61907
9818
2944
6123
60804
50271
64948
20928
59868
18128
60590
52961
43344
62798
4631
32
4631
61774
54517
13496
54352
55907
33558
54983
12232
54849
1147
11284
58061
3902
5503
20120
64164
3057
49696
52861
10177
9286
42149
9752
64376
16593
16475
18716
17727
6239
56640
5713
39601
17981
13782
11163
47801
10427
2087
52382
51605
51111
44910
60941
20259
991
25830
65071
23192
33154
53673
47131
165
21258
25948
58993
45391
61427
55423
57665
27193
24168
58351
28069
45542
2662
3607
52025
61213
12646
56253
7017
1423
11428
45211
19989
55629
14660
8771
60812
15445
51100
16669
59070
58814
19847
39572
5725
7136
17947
528
2851
4068
4080
750
32254
21681
27118
51520
96
31106
64042
18375
2636
33267
53086
33513
62064
64358
64126
26384
3162
49450
13406
51909
6928
18782
17342
54697
62903
49628
58181
65303
13537
18724
26311
39052
23867
18538
45954
1670
44724
22598
63618
55785
961
56136
13422
24736
37615
4889
25389
63563
63452
55626
13195
61837
28617
24913
62809
13151
3607
61159
41463
32395
60470
63628
64455
12713
41474
362
52784
51773
52636
31658
22766
7712
14553
63099
23762
53291
51072
52960
58870
9747
62832
15690
27893
50073
61593
49347
8207
5800
8317
21172
31432
60627
17186
65241
10557
41989
10853
8270
25808
64763
47744
46929
62977
329
6274
20512
44328
60330
675
13253
60847
17557
339
39421
22511
7972
62246
7544
12700
43109
1886
64096
3261
5786
2601
22485
20100
5701
13606
53151
348
64349
6830
49485
60876
55683
41133
55071
43505
12960
44801
54221
12762
55280
63674
20624
3860
8242
58729
12214
21952
62504
55649
53781
8302
25962
4708
62473
21131
61617
24150
31928
13401
59267
56366
62908
11844
51908
23390
59976
6088
63047
57121
51722
27142
36777
62261
5092
56540
58185
3637
15701
54563
57409
63338
4036
13952
52101
9456
23119
17138
63833
879
4237
13016
20569
49119
49867
22603
63820
65027
4124
1850
58631
46172
45160
48335
5710
50043
55967
40276
53969
14163
37973
58445
64214
3627
36146
10705
56414
47818
16076
41866
63542
34482
34940
8357
1888
6491
11657
17190
28216
62367
4031
59042
60611
62164
50486
15631
48301
65228
41079
18651
65103
2076
50383
17261
61675
61502
53757
52298
10735
10126
40425
480
57972
23999
36220
18480
8379
35274
1840
44697
3355
35136
20607
61154
46843
11651
57555
5610
50711
64186
58092
51904
16021
54148
333
89
49338
55191
62290
23712
31182
12194
31697
56075
51331
13817
16218
63556
62135
16500
57900
21913
65246
61112
63356
62536
46781
818
7146
60137
5958
8593
52654
5689
11627
56891
5212
56403
61739
61449
855
54128
19351
49609
3379
9552
7390
61139
3753
61019
62090
15288
23489
41719
45778
22586
54308
18246
64835
60337
5712
64848
53723
7952
40253
15856
61667
17753
1454
50239
41650
46017
63828
38967
56101
60170
8649
15089
50077
42168
10018
17207
56580
8659
60591
61575
57321
23899
63944
56493
7023
3430
56246
35322
9398
33056
25996
59181
5846
45453
48286
461
54183
34065
13395
61745
61796
59435
47610
48306
21845
55251
42728
17557
9852
17865
6889
7871
58977
17099
61
55495
13086
47317
47237
10550
35510
23450
64364
6950
3243
3053
7186
3478
65383
9005
9541
26793
43390
3331
37175
14089
56135
8623
23160
53913
16338
57455
455
4273
60728
6514
55604
13417
38644
55092
57683
49577
51118
27525
39447
55396
59425
10711
13448
4300
39278
47405
46650
53841
51852
4500
1379
35488
42335
3767
59811
5279
47603
57135
4277
16068
60841
18585
53590
63062
20517
18864
11862
4627
62306
55563
61902
23053
17943
26701
61380
28578
8671
12333
23322
21168
36992
64611
4760
30741
2253
23416
29716
59384
13992
48123
56154
64339
63434
30399
5579
660
5526
41774
50331
24354
40674
11066
64665
4548
60687
61419
675
30636
57095
62445
46692
57592
48114
29443
984
5460
40918
56863
64251
30697
60978
51104
43996
49351
821
5932
50273
50827
60886
6147
31183
6563
57288
20910
55064
61832
47005
2874
54459
36055
38147
9659
1248
7761
51655
3208
9646
51413
64123
55502
53874
52173
4240
4809
38334
35299
52327
11204
51133
50277
14173
648
22727
3673
11520
4059
53190
52835
56314
9454
8394
19173
64511
51509
2554
6688
63398
6154
63048
614
58138
29673
46531
44670
165
43644
16986
7564
12431
14071
9836
57079
63531
6962
54285
23001
57239
5862
1723
1428
61430
21965
51305
3724
22631
42961
59123
32382
10837
2820
2553
981
1386
11041
55986
18266
60713
45503
3348
50514
12108
58915
16626
64983
14759
51238
56424
10684
24242
36736
62648
62223
17663
1621
56387
8698
24732
63791
56239
4243
3359
58627
6974
58180
60083
43054
61194
62209
15473
20342
40479
59699
13726
53719
17701
49149
32254
46913
8761
7280
2354
49226
6491
58415
58404
57157
1981
60261
52227
7830
49189
55735
60784
28502
9945
15804
53507
51454
45650
62858
64603
20313
49791
23751
9548
16255
35608
55677
30754
18914
16995
32230
64370
37727
47851
1521
48744
3403
53837
3917
63858
10691
56749
59520
126
46246
51082
3178
27793
41751
57018
17239
50190
8980
28792
17852
13723
20937
53790
51323
55893
59055
22125
16114
58727
19038
60971
23056
4149
53147
48979
60763
34566
8415
55272
53530
13421
2848
63115
59200
59255
10032
52101
47533
11781
9613
21596
32030
11336
64878
1964
61792
63937
62306
48138
52633
54140
15163
56739
39564
9489
14286
64391
59786
9453
34633
39440
1468
55606
21538
52200
4156
14260
49430
25895
691
42195
21790
6312
40909
59490
47456
23522
54516
705
5181
5371
16421
44009
15156
6753
6961
43465
62576
11835
51385
53745
325
63711
42077
26830
53666
48613
30856
56502
65246
64246
16436
58967
772
39040
57156
55447
494
3193
4662
9358
48379
18197
23459
38361
2170
52627
63612
12932
48674
34630
59386
52259
37443
13614
7341
21552
64687
48000
58877
65420
58753
27942
19107
54503
11245
9647
61774
57454
40712
7809
64132
53140
1145
15206
53322
46405
17126
57415
25104
18423
53225
8350
3550
19164
49853
2784
57022
8473
58789
11785
3376
50782
305
21602
52321
5789
10972
55888
56130
6634
38703
6234
47408
25683
12668
57979
14646
57135
51138
50730
50932
5202
43575
3443
62557
11517
31508
16086
41063
55064
53190
45357
9539
58377
49658
15090
62517
49984
63054
27174
130
20091
8952
46140
44966
26032
21943
17656
21842
34764
60110
2225
34165
63241
4821
56813
50972
12641
35788
54074
4089
3471
56872
6719
61199
26529
39575
50535
51816
28155
64287
8399
3059
58832
12133
62407
48160
56429
26799
57738
24758
662
3447
4112
6971
48996
63515
17175
13487
19552
25635
20561
60970
592
51327
43150
1889
772
39948
23000
20809
9114
55781
64715
22918
59918
64633
31462
59044
56774
65035
44978
30847
46199
16071
17850
13969
5773
58262
52435
15158
54086
32423
7670
14731
7068
50137
54988
11942
45357
16287
10574
21702
40431
61653
45819
41123
3235
5538
31198
26893
17120
18198
37286
56770
58265
9845
18991
34019
17906
38556
13491
61704
57641
52047
51222
58286
51398
63431
4771
44177
31124
52491
33648
33154
45398
37366
2358
59734
6034
55282
65481
50139
10186
54444
37
36329
8980
26429
18020
37703
52735
45697
58555
47376
11811
58583
14638
5954
15768
18168
7406
38306
52334
62263
10227
61258
6294
45379
50311
22363
5321
777
15172
51058
57537
16460
16983
17032
48879
29120
50031
22713
57298
1420
212
63923
14252
3620
242
47591
59166
52439
51203
34804
19150
63564
32855
62872
55577
42145
46663
40305
60303
5327
23283
51319
5216
34285
12527
6677
61048
15645
9958
3813
54242
64143
2604
299
60469
88
36933
2660
48231
51890
11715
2117
4086
1651
43723
1377
5348
60104
24785
64578
17936
57332
43066
49394
55860
53133
52006
6486
53432
690
1171
3805
58340
59149
54511
55504
36623
59833
55533
58129
2469
59110
60365
56956
62648
11548
18082
39826
41958
28260
28824
11420
57549
4840
45931
55171
49897
58833
57561
60149
6994
6055
8217
61768
7721
5285
30905
8664
60339
3729
186
9293
11428
61332
50975
3141
63579
11683
2257
63946
10283
23878
33555
11587
6785
51800
61900
46068
23378
47248
24947
11079
24791
871
62501
3381
14924
12127
1079
62571
57357
39619
60407
23764
13718
14386
43455
40002
21290
6835
11597
3192
7747
52678
48305
65
61950
37629
58063
59374
15623
56224
44155
53388
28363
19599
42806
24286
24256
22777
21232
55757
51579
46914
60916
53714
51594
32039
49583
61177
56432
58810
29874
35338
6908
34165
14156
2785
35678
51946
43698
2591
57700
56493
6123
35957
50853
11243
43645
49468
53345
31712
27035
9565
65358
10854
54898
36494
55933
50756
58435
12693
59210
61908
35379
21292
10663
3423
41058
50384
24434
3912
45742
15283
38619
4691
6117
21332
22316
33469
16559
21772
14816
28280
45280
32636
52148
58889
3778
1702
21491
17741
5565
18317
39440
52698
52405
6540
42741
64052
6748
60579
3153
13607
52968
52830
57237
55724
4465
12056
8160
2404
64707
55339
63445
55532
16167
58391
1206
8658
21227
57221
9487
1943
44407
3919
58857
59937
12259
29609
12003
60474
6205
60082
4879
58403
64232
26095
23464
50216
11572
40032
46709
65441
42699
2125
48101
58943
32617
46859
64634
9324
14578
62078
50035
62422
20023
60339
10502
40709
21440
60154
37468
54862
14668
14907
3034
62514
17336
52028
48782
60808
44088
61692
37427
48745
14174
63197
19299
9356
55369
33359
59707
54367
52280
5715
45543
20073
26778
61092
6306
17576
56456
25702
41484
60786
9943
52350
12833
46453
52157
35196
19970
3565
56173
16680
16447
51193
44108
13021
63090
55815
837
35859
63472
50195
22457
62760
3801
61200
39890
3714
6854
1695
2278
51100
28954
17729
62992
56648
5014
38493
34934
10242
2140
1824
34504
58410
55761
5636
58963
6899
10187
21975
28486
11061
58801
16677
4484
6191
9279
11858
2491
18885
58545
46207
9429
60582
51220
2330
60408
9393
53041
26762
10530
46888
48878
61697
35827
53642
64849
56206
54883
15509
49009
15572
60386
2123
56160
1785
60507
19734
54185
4988
19475
14768
177
52394
51658
63373
62730
14301
4309
46961
3239
58094
45692
56803
2533
54148
30851
11141
57472
9087
50510
59077
5898
61717
35986
56308
29873
29755
54517
57522
46896
7512
5743
7905
13890
13676
14019
56165
14872
24310
38180
3765
49285
60514
27735
25247
37901
52616
29217
50391
22858
2280
40935
42667
28533
23577
17758
47231
3426
61156
19598
52414
11956
15192
52386
63649
41877
5509
26904
18301
35324
3672
4885
53991
56948
15487
63241
5547
65111
17015
11799
41092
19404
26986
61912
46188
62026
46306
56355
7211
14504
40052
19941
61279
28040
40868
61470
46893
62619
37040
53807
56265
40965
10056
46790
31379
7149
31519
8850
1689
5728
46324
64856
47528
53032
50684
52180
5530
55134
25740
47177
55084
9988
58914
50154
1567
24785
9624
51806
58111
17912
19916
62949
6172
16566
60964
21594
22810
1230
22856
61279
37403
5350
57621
62682
9194
434
61433
38101
2235
64317
7804
56807
4167
13198
19031
45707
40608
43429
4077
46960
28284
52900
406
1116
34455
60989
64227
60934
1518
34118
57084
61970
9264
47876
44948
45999
65000
51688
594
50445
17350
54470
42342
11925
7089
27026
62383
54343
52666
47756
45681
6326
52200
22439
53118
29332
18192
54694
27375
2103
59131
62154
61392
16926
53595
50608
36852
2550
5535
9446
54179
57449
51008
17571
65315
29166
56107
24663
6848
14858
33841
11264
61212
41312
49512
5579
60152
365
10674
13042
11138
51058
10255
9633
64533
51934
10278
11057
45270
39821
21914
12329
63922
59177
10382
11233
37825
5003
14078
9809
10746
3085
14629
4429
671
18349
47892
59200
57630
12556
6081
49687
49622
6708
60620
4433
3178
13723
41971
2488
6848
25619
20255
44369
32578
15706
3328
17031
33497
54857
4215
36872
45102
11528
45472
8824
1551
2340
65007
63236
51649
19445
64785
13887
1916
45655
19801
50977
38089
54510
59771
43016
19193
3677
6074
23125
3527
9545
42507
45344
21661
63622
45392
12393
55302
4503
28892
57116
24629
50100
46957
34315
3177
31366
54476
2340
64622
19288
55574
57252
3466
55426
46974
18115
53913
50100
10859
9466
47479
13007
7716
65282
58986
3837
16062
63989
13458
4839
62321
6718
63827
13852
5148
52499
14334
35141
50928
1854
1018
57845
63948
56927
65072
65287
56089
23452
52026
7118
51479
46423
2616
45081
220
4097
12476
48238
54523
55693
64019
63219
31982
14828
15864
11605
61713
29005
52229
3793
63481
32780
11439
59739
4086
46424
59842
25897
53767
58319
60764
19633
11573
5955
3246
33578
64129
7881
17920
14677
61926
16864
23754
50347
35648
20816
62689
57180
6656
1650
18157
24815
53443
57021
7373
47625
61653
63489
48423
63145
4134
44499
14147
37421
6307
23103
50008
48313
45513
59260
19289
58554
22936
48954
18036
7451
10844
1651
8756
10551
59711
64042
13939
57259
1742
64529
34241
54944
20042
65507
49519
8725
804
388
50250
47714
47213
16668
1595
58384
24987
49202
15570
56976
10459
8651
5196
12851
52830
8017
11954
48457
48777
61538
64510
52561
1538
8226
28829
21735
5434
7798
35117
38347
9422
57108
4434
2884
1876
16138
13153
59812
16111
51370
3521
61443
40842
6841
58064
6870
57767
18164
65128
64366
455
1514
2427
12871
42323
17798
3125
58855
2631
38194
1431
7159
64188
13504
5226
62184
2583
1346
32558
60234
10616
60129
6253
17276
53983
58730
15699
27715
301
51216
22951
7494
20090
36203
64498
4334
62638
4563
51731
41413
33253
25545
50218
45254
51434
34323
25760
50834
43942
18184
3235
45630
14321
62447
56863
31414
8994
4643
4119
39029
358
55016
53352
45085
46745
43170
10583
10718
51444
8556
31947
44762
8934
33069
19929
4782
42864
63514
31123
46147
8720
5274
63932
57375
48305
53336
22731
49519
24262
5533
2450
64309
64966
47308
57791
3672
15069
6349
6851
42670
10161
64157
10797
62745
4049
50927
10781
1330
39479
63749
62628
57588
3178
4079
13301
13405
29723
7654
21153
14449
35051
8285
12686
50438
57543
55654
15572
59807
13037
15221
55767
14683
54118
44141
57765
12099
51764
45651
56859
61326
4965
7790
2915
16529
340
408
58596
49946
62619
27706
60437
3957
6925
52701
19836
15527
45014
54071
47434
57297
63267
4440
50010
4258
46453
55465
28743
17572
60802
17797
26792
23927
3319
5581
51131
27108
9003
60575
6420
6146
51301
54431
1809
9380
45162
11146
36860
1611
7265
7654
42275
53620
11101
31805
22264
57864
15172
42069
49964
55921
41791
14152
3170
18382
10562
55993
39539
31833
49899
50763
16241
29418
36685
12120
3296
4251
56486
51296
2542
8382
3488
53415
58763
59915
54443
53528
46969
4857
17187
4240
39618
53785
54618
24428
4301
42229
15038
55935
65330
61083
10724
47377
42923
46083
50412
59584
7051
37932
55487
11329
56882
56167
16146
225
12674
62754
25391
1821
22152
26014
60073
57403
64068
56646
48111
11783
18156
60471
12178
15632
9725
35816
20159
55023
11835
5494
15058
19785
56782
52238
38022
52227
24288
62210
40867
45655
65225
62917
974
18621
4451
24870
5605
58326
41920
62724
43039
9109
19532
50846
18021
59578
414
21325
1027
23864
284
11145
55143
60308
8567
55033
56605
62234
12093
39396
30652
15480
24506
12638
59859
55430
53838
44844
6371
24021
2422
9011
18962
63493
10998
12829
12201
55636
602
10295
54547
22986
12025
62035
622
15655
56623
61474
38987
843
23674
19270
44440
55885
60916
44990
11205
62638
35035
6572
57439
23896
36764
44038
55118
37475
34956
57732
1985
1892
5300
7223
20243
27471
39449
25470
15946
345
33820
59055
55910
13212
33414
49035
59780
3287
2678
57138
17344
60272
60339
49186
11977
50133
56307
12688
45225
12118
30225
25809
22144
53544
7718
12829
55463
63639
9588
60358
63502
5163
15822
62184
4955
29544
9553
52488
8604
23123
26766
53218
39828
53587
53083
57153
6315
55595
31944
65405
9343
63375
16951
45642
7960
62072
37339
5367
36799
39356
9128
5110
53062
33860
65086
52292
12982
15190
748
10567
51522
6232
63458
5127
60873
58156
57646
46611
12059
56625
48429
12786
4397
37784
11842
55698
65415
62528
51595
4545
24012
53971
40017
59252
6560
58680
18092
1376
15519
50739
57334
37552
36487
46265
48327
521
18207
40014
12584
56094
57131
8762
6576
2917
48565
17711
15876
1253
55202
57243
59385
5205
65493
49236
552
2360
58334
25099
55500
33539
49172
58332
2019
9041
940
27187
39584
1670
33735
12548
54493
58405
5587
18512
63381
56358
9034
42612
9669
55369
53893
57854
45684
8320
13380
27968
22177
7157
13973
58936
14748
5770
57721
12815
23494
57088
6264
47478
6177
25614
53099
30948
15490
58173
5203
60934
65320
47109
43444
57298
25751
36119
10835
47514
60367
63167
38224
51127
25240
18072
60190
57704
56383
57781
33903
22613
7609
52241
41077
13620
37851
54113
39250
51349
29039
56024
15312
55928
39112
62956
12634
59512
24163
10592
17925
49627
54363
62047
1060
10242
2155
56755
58840
51837
46752
62067
57919
92
10176
59207
31092
7641
7358
54456
24171
14915
21461
41412
14306
5803
6945
61110
61154
19117
5512
63142
4557
765
4642
48516
59556
2396
14885
55573
7048
57172
53535
25852
52301
977
62850
14962
5969
57475
58975
