65461
1197
50
65066
1260
1587
278
494
2067
1494
169
1071
2123
855
65473
1296
1514
65426
65323
1066
452
64526
65171
678
64973
64070
65406
324
64359
64363
439
144
64348
65307
1173
84
64985
1027
1721
332
426
2120
2030
630
1422
2635
1712
811
1984
2532
1007
711
2231
1751
58
599
1756
547
64896
482
1056
65046
64648
610
468
64404
65195
1103
74
64769
556
1514
236
56
1813
1914
494
1207
2714
1853
982
2103
2997
1574
1159
2699
2562
932
1279
2539
1517
154
1202
1907
235
65152
1037
924
64861
65177
1043
154
64531
59
1065
65364
64873
1059
1294
65365
416
2106
1507
452
1690
2642
1486
962
2464
2660
1075
1421
2840
2036
643
1484
2304
843
115
1198
1386
65113
65192
993
254
64343
65277
837
65079
64348
227
631
64716
64839
1045
680
64978
479
1752
726
105
1708
2143
720
736
2363
1972
410
1370
2340
1143
138
1356
1626
65477
65238
1057
500
64441
65079
595
64877
63851
65006
60
64036
63946
65476
65294
63956
64656
548
65193
64336
288
1105
65383
65210
1282
1186
65484
560
1832
874
65318
979
1581
65532
65265
960
651
64640
64850
550
65040
63681
64795
65370
63823
63357
64788
64701
63210
63604
65199
64398
63302
64517
33
64302
63933
9
406
64397
65066
984
299
64738
338
1295
65401
64911
834
677
64782
64879
690
65203
63961
64723
62
64048
63195
64719
64696
63016
63187
64570
63869
62632
63652
64763
63495
62972
64649
64910
63638
63946
65512
65299
64018
65072
781
65158
64531
469
922
64882
64774
849
190
64306
65072
421
64660
63760
64999
65111
63483
63261
64670
64049
62708
63413
64511
63379
62524
63910
64503
63221
63129
64832
64622
63338
64368
183
64806
63964
11
759
64774
64742
886
630
64679
65406
1008
65508
64395
56
561
64359
64032
65411
65018
63439
63828
65058
63949
62893
63983
64727
63303
63080
64707
64561
63232
63964
65383
64732
63764
65238
523
64840
64559
825
918
65090
29
1497
602
65161
628
1481
102
64924
801
737
64526
64718
557
65164
63799
64867
31
63984
63474
65051
65054
63572
63975
65435
64918
63636
64936
435
64966
64493
585
1010
65289
68
1694
1119
59
1070
2229
912
99
1719
1831
244
321
1686
1008
65033
263
1243
65305
64378
175
425
64356
64436
380
65347
63984
64850
596
65039
64289
426
928
65124
65362
1594
1380
65523
1079
2406
1379
669
2118
2634
1173
940
2590
2145
702
1270
2251
1060
65452
1068
1614
65467
65053
918
610
64608
65153
924
65406
64433
237
964
65077
65065
1185
1163
65426
658
2163
1345
487
1892
2733
1356
1106
2674
2598
1136
1616
2907
1908
780
1790
2381
830
259
1649
1457
65294
131
1285
401
64586
154
1076
65128
64731
682
878
64934
65491
1453
837
65251
978
2077
978
552
2244
2440
1019
1474
2964
2207
913
1927
2861
1357
488
2023
1936
321
314
1629
799
64964
141
1156
65147
64446
240
597
64490
64613
672
167
64404
48
1355
70
65090
1062
1727
253
449
2103
1654
397
1402
2567
1376
476
1880
2233
530
457
1761
1143
65109
146
1092
65338
64330
25
322
64166
64003
41
65166
63669
64543
182
64763
63810
65380
475
64716
64726
808
807
64855
186
1609
671
65318
1247
1763
292
105
1572
1193
65170
51
1238
78
64365
65455
313
64232
63681
65212
64997
63376
63723
65112
64235
63042
64201
65109
63777
63554
65125
65187
63806
64428
431
65415
64310
81
1111
65364
64900
872
1061
64913
65333
1063
294
64519
65432
613
64621
63932
65193
65132
63450
63622
64990
64118
62678
63631
64715
63263
62600
64242
64498
63059
63357
65066
64479
63410
64597
187
64722
64160
212
543
64577
64905
886
266
64525
65464
915
65093
64268
65482
304
64042
64009
65312
64660
63115
63831
64861
63419
62554
63971
64339
62914
62811
64465
64130
62868
63793
65044
64231
63358
64995
147
64322
64308
520
444
64544
65356
1120
67
64523
419
957
64854
64568
528
62
63976
64440
98
64311
63210
64358
64917
63252
63088
64542
64436
62886
63551
64960
64115
63071
64444
65417
64120
64013
213
323
64573
65207
1134
364
64919
625
1593
101
65289
1203
1061
65071
65376
1131
143
64359
65366
590
64474
63796
65264
65182
63656
63882
65268
64480
63354
64482
108
64359
63856
65405
270
64481
64973
1099
596
64992
606
1824
688
174
1581
1971
467
585
2229
1429
65521
841
1758
321
64972
777
924
64784
64737
685
65495
64005
64926
528
64789
64085
65489
471
64561
64643
867
558
64948
453
1805
738
135
1743
2276
925
910
2516
2216
786
1483
2759
1515
546
1741
2121
446
137
1546
1095
64976
45
1192
65496
64511
238
809
64803
64682
793
597
64789
121
1578
729
65308
1322
2029
837
708
2404
2328
1019
1672
3071
2074
1044
2275
2972
1399
810
2233
2025
334
619
1894
922
65149
611
1287
65290
64800
654
679
64685
65032
1112
326
64815
503
1464
219
20
1638
1921
551
1020
2632
2051
857
1902
2878
1669
893
2498
2547
923
1010
2387
1485
65529
828
1703
151
64924
702
761
64715
64667
694
59
64229
65330
810
65136
64428
594
1054
65217
65527
1671
1184
58
1100
2297
1204
503
2003
2242
689
728
2294
1679
109
913
1808
593
65083
674
1014
64769
64600
411
65429
63875
64496
93
64652
63786
65042
141
64157
64212
288
71
64469
65209
1072
222
64869
867
1546
225
65507
1683
1350
65442
502
1690
673
65021
591
1044
64924
64509
288
65504
63877
64202
65448
64486
63243
64324
64969
63602
63143
64830
64791
63332
64085
65481
64769
63806
65076
555
64919
64516
600
725
64896
65311
1331
474
64741
265
1255
65128
64530
334
295
64074
64236
53
64556
63203
64139
64928
63453
62764
64260
64362
62875
63042
64632
63948
62872
64035
65178
64032
63548
65157
79
64164
64486
609
143
64375
65437
1048
65356
64476
416
695
64546
64559
427
65367
63700
64421
65351
64025
63099
64347
64643
62875
62938
64467
63881
62557
63333
64658
63595
62872
64355
65148
63676
63793
65507
65327
64095
64924
771
65351
64529
429
1021
65064
64944
815
465
64493
65024
628
64934
63856
64959
65421
63839
63444
64773
64576
62889
63597
64699
63814
62775
64151
64853
63572
63326
65148
65059
63735
64582
531
65297
64442
257
1126
65364
65220
1235
1104
65287
195
1518
591
64860
232
1036
65016
64450
276
109
64000
64272
65
64703
63444
64437
65227
63918
63513
65089
65259
63907
64298
440
65420
64266
108
1231
65511
65228
1352
1629
97
602
2029
1470
113
1177
2029
770
65507
1325
1467
65230
65346
1148
410
64533
65308
579
64975
64127
65469
241
64206
64466
480
11
64302
65351
1127
65471
65013
945
1748
349
586
2163
1878
556
1633
2833
1533
632
2091
2503
957
807
2120
1621
62
621
1705
487
64935
631
1028
64927
64826
665
408
64412
65276
1058
56
64704
678
1426
66
157
1792
1830
423
1164
2795
1798
915
2266
2960
1433
1176
2729
2487
861
1256
2451
1407
126
1182
1763
164
65121
1074
839
64812
65160
1070
100
64467
175
1012
65318
64925
1173
1287
65447
374
2145
1372
401
1729
2714
1300
962
2452
2697
1104
1397
2771
1879
572
1442
2244
822
78
1425
1367
65104
65244
988
154
64368
65333
700
64920
64314
404
603
64666
64920
1056
548
64867
599
1849
654
134
1687
2076
747
808
2392
1968
462
1252
2341
1046
205
1370
1605
65451
65249
1058
510
64396
65094
500
64900
63810
65105
122
63992
63947
65515
65248
63874
64728
611
65139
64449
382
993
65228
65250
1439
1275
65372
616
1890
706
65357
1074
1586
66
65248
1011
661
64528
64912
487
65016
63637
64840
65257
63760
63343
64883
64609
63064
63602
65104
64210
63277
64599
65459
64158
64018
182
342
64497
64967
998
354
64679
503
1324
65392
64982
829
823
64574
64926
671
65161
63840
64864
65456
63960
63258
64651
64484
62953
63208
64560
63784
62592
63705
64681
63521
62961
64605
64831
63647
63990
49
65215
64095
65163
812
65058
64527
445
828
64807
64899
785
177
64213
65142
437
64533
63880
64983
65146
63440
63266
64599
64129
62707
63410
64546
63326
62611
64051
64528
63088
63158
64877
64559
63308
64391
182
64802
64030
63
762
64876
64850
902
586
64637
65336
1083
65374
64440
117
492
64380
64122
65407
65028
63382
63948
65056
63970
62837
64080
64693
63171
63034
64637
64520
63199
63937
65430
64596
63747
65211
579
64757
64719
892
870
65045
235
1550
586
65049
760
1535
9
64989
886
682
64516
64762
604
65096
63836
64792
3
64027
63504
65034
65039
63538
63919
65493
64846
63691
64985
449
64859
64496
730
1035
65140
29
1719
1063
65510
1199
2142
840
204
1776
1869
337
299
1727
932
64971
288
1151
65269
64430
358
411
64413
64445
376
65273
63890
65056
653
65023
64326
533
959
65237
65437
1601
1307
44
1159
2503
1326
645
2109
2601
1255
1102
2464
2031
497
1191
2315
1067
65532
1240
1476
65320
65256
975
410
64603
65241
960
65339
64555
371
912
65080
65086
1255
1143
65467
680
2074
1218
471
1797
2722
1302
1230
2788
2536
1088
1715
2923
1956
658
1802
2389
728
350
1694
1436
65283
130
1300
214
64687
277
950
65123
64750
804
934
64887
65462
1571
854
65359
1094
2090
903
736
2308
2388
939
1339
2845
2143
839
1913
2760
1349
726
2018
1979
223
390
1675
730
64881
237
1042
65252
64419
390
496
64551
64662
692
74
64482
15
1151
100
65154
1229
1577
214
473
2190
1679
498
1451
2548
1245
454
1889
2155
463
486
1717
999
65046
214
1141
65275
64324
36
347
64210
64097
79
65109
63727
64536
288
64750
63832
65290
521
64659
64802
954
704
65057
366
1791
725
65404
1230
1775
336
9
1511
1137
65134
66
1223
81
64279
65447
341
64234
63798
65304
65034
63312
63806
65001
64153
63025
64295
65136
63716
63521
65196
65210
63792
64454
559
65288
64295
29
1032
65309
65009
1007
943
65083
65293
1101
216
64479
65415
660
64505
63933
65230
65227
63426
63559
64970
64070
62765
63683
64597
63220
62797
64307
64433
63018
63497
65060
64420
63342
64561
243
64628
64167
293
432
64651
64852
882
415
64567
65473
921
64962
64281
57
212
63990
63909
65310
64527
63055
63937
64862
63445
62587
63994
64325
62712
62980
64516
63975
62770
63902
65064
64074
63444
65023
19
64248
64339
545
336
64579
65375
1157
25
64695
460
772
64813
64590
458
51
63972
64529
130
64431
63191
64470
64959
63301
63142
64613
64347
62775
63553
64954
64002
63088
64599
65421
64068
63953
231
262
64547
65202
1202
418
64939
687
1455
88
65252
1312
1135
65014
65381
1069
68
64395
65442
464
64505
63901
65306
65286
63603
63918
65284
64464
63291
64508
34
64192
63918
138
338
64528
65147
1142
529
65013
754
1826
636
218
1659
1897
500
626
2009
1237
65453
862
1820
245
65052
819
869
64706
64857
618
65405
64042
65067
406
64690
64108
16
528
64500
64768
944
612
64955
558
1883
706
187
1702
2319
773
1079
2654
2236
713
1606
2668
1413
452
1825
2041
430
164
1579
935
64948
22
1207
65486
64541
281
786
64906
64750
772
508
64786
34
1548
625
65346
1326
2212
820
754
2431
2347
942
1729
2974
1986
881
2298
2838
1304
893
2254
2046
265
768
1843
880
65006
657
1295
65175
64767
682
626
64572
65119
1064
296
64782
553
1546
267
38
1769
1877
651
1100
2648
1953
841
2023
2906
1554
1081
2480
2460
784
1009
2250
1461
65404
964
1704
124
64891
810
725
64599
64802
749
65476
64246
65288
714
65118
64533
661
1025
65196
65488
1584
1141
65506
1199
2243
1063
379
1969
2310
741
715
2219
1617
151
952
1936
474
65089
805
1026
64756
64574
439
65305
63840
64641
70
64526
63659
65061
52
64190
64236
333
130
64382
65365
1116
221
64947
889
1529
137
147
1694
1362
65453
573
1720
585
64869
718
1057
64897
64496
362
65504
63832
64339
65467
64382
63162
64370
65020
63555
63313
64758
64698
63334
63983
65463
64660
63750
65164
610
64732
64617
643
712
64874
65407
1304
409
64834
387
1090
65141
64624
459
280
64209
64284
50
64504
63130
64232
64877
63424
62785
64288
64275
62734
63136
64662
63991
62840
64058
65205
63942
63594
65210
65514
64179
64524
703
131
64394
27
1090
65288
64613
457
591
64485
64589
361
65115
63612
64483
65396
63903
63091
64399
64499
62864
62944
64398
63879
62511
63434
64664
63504
62857
64436
65046
63609
63861
27
65263
64129
65012
831
65261
64548
517
1021
64942
64946
850
415
64509
65058
640
64994
63840
65027
65490
63790
63395
64909
64516
62907
63610
64829
63795
62832
64203
64893
63508
63457
65118
65111
63872
64630
608
65282
64423
251
1075
65271
65170
1433
1240
65141
145
1443
502
64844
436
1101
65090
64582
349
89
63972
64390
28
64620
63397
64579
65347
63956
63578
65109
65279
63831
64355
432
65352
64262
157
1245
65529
65241
1304
1615
94
699
2142
1489
154
1210
2115
662
101
1392
1362
65270
65467
1118
349
64457
65366
681
64883
64065
65433
202
64179
64514
493
65471
64352
65421
1062
81
65108
1102
1667
197
452
2233
1840
577
1532
2700
1637
780
2201
2422
911
660
2148
1575
36
680
1682
356
65047
723
951
64925
64771
693
410
64435
65271
1027
72
64830
728
1382
22
170
1879
1765
518
1326
2774
1861
1030
2349
2993
1469
1174
2803
2413
886
1384
2526
1281
104
1298
1876
110
65325
1048
875
64679
65267
1029
13
64506
162
1044
65248
65071
1205
1307
65437
580
2199
1353
408
1740
2696
1316
1060
2592
2594
1102
1456
2881
1848
517
1636
2259
757
105
1466
1288
65096
65276
1112
123
64386
65356
733
64889
64372
349
566
64663
65023
1192
559
64899
681
1703
640
207
1783
2051
648
881
2434
1785
452
1447
2356
976
92
1421
1572
65321
65347
1101
402
64365
65069
594
64768
63840
65130
65502
64050
63971
102
65229
63967
64805
651
65116
64489
353
1058
65265
65329
1500
1193
65377
614
1938
764
65292
1084
1681
65532
65254
1055
643
64535
64990
487
64888
63717
64877
65259
63684
63419
64785
64539
63152
63726
65055
64166
63260
64650
65515
64100
64023
228
215
64422
65103
1048
171
64713
549
1264
65366
64958
962
770
64686
64968
726
65252
63857
64770
65505
63974
63333
64685
64508
62879
63195
64686
63698
62637
63690
64770
63421
63028
64668
64888
63492
64033
65492
65013
63954
65202
767
65175
64553
602
785
64720
65065
815
166
64242
65129
395
64475
63650
65060
65129
63357
63370
64728
64086
62583
63605
64554
63232
62594
64018
64509
63035
63276
64927
64576
63329
64429
130
64801
64054
116
706
64722
64877
883
508
64622
65528
1065
65442
64336
244
353
64267
64069
65433
64903
63306
63952
65125
63956
62784
64158
64638
63210
62986
64697
64536
63133
63994
65415
64606
63845
65225
456
64775
64660
893
837
65107
162
1500
664
65017
842
1405
65432
64992
953
778
64422
64857
521
65052
63804
64833
65470
64032
63510
65190
64975
63490
64015
65410
64866
63692
65011
462
64828
64500
686
981
65125
154
1796
1028
65448
1266
2153
790
274
1731
1799
123
391
1708
824
65004
395
1175
65242
64524
294
352
64314
64439
321
65371
63981
65076
575
64997
64365
485
1034
65105
65459
1671
1244
30
1173
2416
1310
655
2225
2470
1049
1101
2572
1923
493
1236
2293
962
65415
1157
1486
65288
65148
1013
562
64575
65309
953
65348
64545
349
967
65002
65091
1324
1121
65398
667
2148
1275
509
1998
2588
1216
1183
2780
2583
1074
1715
2897
1753
722
1898
2486
774
332
1671
1325
65296
77
1273
186
64595
273
870
65090
64746
774
751
64841
67
1517
808
65366
1155
2163
911
657
2296
2362
929
1471
2911
2058
823
2030
2691
1299
715
2123
1905
181
409
1719
808
64847
234
1020
64996
64421
380
448
64422
64815
743
72
64376
70
1259
65504
65144
1189
1573
129
443
2223
1635
482
1394
2543
1257
504
1834
2056
513
284
1769
1064
65058
206
1194
65173
64305
136
369
64165
64258
19
65078
63749
64575
219
64549
63931
5
510
64655
64675
968
670
64915
362
1642
570
65329
1204
1780
224
119
1465
1097
65106
189
1220
65442
64381
65423
369
64218
63912
65257
64855
63237
63866
65107
64044
63169
64360
65111
63603
63495
65283
65224
63801
64583
525
65259
64424
264
1043
65193
64919
1018
925
64921
65462
1113
145
64491
51
576
64502
63916
65380
65117
63413
63692
64978
63959
62787
63788
64548
63218
62744
64313
64401
63001
63522
65127
64438
63454
64699
177
64532
64169
382
621
64677
65060
936
270
64566
19
912
65084
64232
104
158
63989
64044
65370
64496
63038
63960
64774
63437
62665
64078
64346
62732
62933
64533
64014
62665
63850
64993
63956
63581
65040
81
64273
64560
598
301
64440
65424
1135
65452
64703
520
788
64822
64694
632
65525
63864
64709
5
64249
63217
64485
64891
63247
63060
64673
64298
62909
63587
64981
64015
63111
64632
65359
64091
64172
347
302
64429
65228
1154
405
65099
757
1432
45
65290
1337
919
64954
65419
1126
14
64380
65450
508
64337
63875
65282
65075
63516
63913
65285
64348
63371
64596
65429
64202
63890
111
262
64437
65148
1059
381
65110
828
1841
648
224
1778
1835
234
766
2089
1277
65430
972
1705
207
65055
871
833
64560
64797
671
65291
64089
65028
469
64675
64156
194
478
64515
64857
950
523
64919
567
1812
737
78
1880
2229
810
1086
2641
2116
793
1631
2687
1410
536
1793
2132
392
255
1636
898
65028
196
1167
65365
64517
329
871
64813
64890
789
581
64717
251
1639
501
65430
1469
2110
687
832
2552
2184
1013
1753
3065
2008
1006
2388
2813
1163
894
2243
1916
343
737
1921
739
65034
639
1261
65139
64946
784
641
64525
65145
979
204
64754
554
1483
265
14
1680
1853
418
1113
2654
1938
821
2177
2944
1475
1010
2551
2446
807
985
2305
1307
48
901
1678
81
64900
854
666
64578
64787
720
65446
64201
65377
838
65100
64498
681
939
65161
74
1671
1090
0
1124
2324
1143
458
2077
2298
718
832
2268
1566
99
1023
1832
395
65057
729
824
64685
64629
430
65301
63905
64675
155
64555
63704
65131
29
64149
64282
391
82
64245
65491
1218
82
64954
1032
1544
158
131
1712
1380
65416
528
1827
472
65083
686
1024
64960
64690
319
65391
63715
64362
65405
64210
63133
64383
65051
63518
63325
64954
64741
63301
64134
9
64580
63750
65274
558
64786
64522
713
696
64883
65429
1297
379
64721
431
984
65054
64660
527
258
64010
64317
65476
64562
63231
64194
64876
63395
62881
64353
64374
62834
63227
64699
63875
62828
64120
65135
63891
63573
65395
65522
64023
64525
643
65513
64367
88
925
65179
64622
556
573
64604
64566
377
65124
63635
64514
65307
63852
63121
64375
64508
62853
63084
64376
63778
62424
63466
64708
63488
62924
64430
64906
63551
63841
22
65161
63969
65173
775
65212
64565
517
954
64942
64883
857
441
64466
65164
499
64817
63815
65091
65374
63682
63552
64889
64425
62888
63701
64859
63725
62756
64211
64858
63438
63485
65136
65045
63894
64656
606
65214
64501
445
1145
65374
65328
1235
1129
65049
272
1486
430
64861
385
1002
64983
64467
393
65521
63951
64400
30
64515
63328
64563
65405
63909
63624
65208
65142
63803
64445
493
65266
64292
140
1116
65444
65194
1333
1470
212
717
2011
1386
35
1353
2080
566
68
1412
1351
65233
65398
1123
220
64330
65379
663
64700
64176
26
297
64232
64528
485
65505
64352
65511
1084
65400
65033
1240
1687
259
558
2215
1830
559
1662
2659
1417
795
2101
2446
825
782
2197
1500
65383
692
1802
281
64919
723
1047
64930
64847
824
320
64494
65339
993
65496
64838
832
1471
55
107
1932
1667
516
1373
2724
1746
1022
2333
2964
1428
1231
2751
2435
892
1394
2472
1316
149
1283
1712
48
65173
1117
756
64713
65269
954
0
64529
283
1053
65162
65098
1126
1228
65419
602
2206
1369
302
1737
2555
1222
1002
2614
2614
1066
1452
2850
1869
512
1625
2239
567
60
1438
1240
65058
65339
1065
66
64331
65413
832
64957
64401
370
486
64684
65115
1063
492
64924
686
1735
626
205
1834
2075
579
877
2503
1764
415
1398
2449
879
112
1420
1546
65361
65356
1071
355
64331
65073
450
64673
63837
65240
65518
63930
64024
142
65081
63831
64938
702
65064
64403
469
972
65298
65366
1571
1051
65219
616
1916
724
65331
1222
1538
65505
65250
1206
625
64426
65060
561
64819
63696
64813
65332
63667
63435
64923
64626
62995
63805
65210
64089
63210
64752
65497
64039
64101
213
166
64338
65194
1033
182
64772
583
1222
65223
64929
913
689
64708
65018
559
65127
63857
64890
14
63855
63290
64755
64516
62877
63332
64641
63718
62572
63842
64670
63407
63060
64711
64845
63528
64108
10
65119
64020
65257
715
64989
64545
606
745
64697
65030
834
5
64171
65129
384
64466
63651
65034
65142
63364
63530
64850
64001
62601
63578
64537
63145
62592
64076
64388
63043
63288
64870
64506
63381
64509
197
64792
64097
100
647
64743
64830
955
543
64742
65
1062
65367
64477
223
441
64309
64108
35
64915
63324
64007
65024
63794
62849
64149
64673
63199
63113
64783
64395
63132
64118
65451
64535
63785
65334
529
64734
64838
951
777
65036
296
1556
519
65076
818
1349
65317
65101
971
620
64479
64932
587
64860
63743
64959
65491
63944
63644
65123
64919
63507
64114
65479
64743
63715
65069
395
64757
64505
805
957
65132
280
1753
1072
35
1226
2190
738
419
1838
1733
175
457
1721
880
65005
354
1126
65261
64464
373
287
64245
64460
308
65148
63920
65081
635
64915
64620
626
976
65216
65529
1582
1199
51
1254
2390
1163
660
2172
2470
885
1101
2553
1909
510
1358
2366
883
11
1283
1491
65310
65418
1133
460
64603
65406
914
65224
64503
443
927
65124
65172
1327
1060
65323
841
2124
1125
502
2013
2675
1253
1231
2828
2480
1013
1815
3056
1808
748
1943
2397
765
442
1691
1299
65183
221
1302
126
64604
359
927
64963
64725
801
679
64930
35
1607
704
65409
1180
2128
858
728
2337
2391
952
1604
2939
2008
875
2062
2814
1246
737
2069
1910
255
473
1635
690
64903
253
1075
64991
64475
392
440
64389
64833
703
4
64429
236
1260
65453
65240
1247
1658
251
692
2206
1644
319
1502
2527
1202
498
2066
2082
381
426
1819
947
65035
324
1177
65224
64371
124
271
64143
64070
34
65024
63741
64590
192
64573
64037
15
516
64574
64848
1006
700
64926
443
1642
515
65434
1283
1724
138
76
1545
930
65059
188
1265
65366
64415
112
245
64135
63951
65307
64913
63275
63954
65194
63986
62982
64369
65098
63595
63528
65210
65054
63879
64655
566
65261
64314
276
1052
65160
65148
1125
855
64936
65373
1133
177
64438
25
498
64569
64005
65366
65081
63297
63767
64955
63979
62745
63807
64489
63207
62811
64296
64356
63040
63479
65069
64425
63347
64790
253
64508
64187
284
413
64596
65086
900
182
64480
65530
880
64859
64315
100
98
63915
64048
65330
64607
63066
63977
64787
63399
62711
64091
64315
62794
63021
64565
63949
62809
63840
65005
64071
63459
65207
51
64303
64526
645
245
64534
65526
1171
65495
64679
445
749
64723
64720
599
65440
63896
64569
16
64196
63289
64569
64801
63323
63146
64740
64133
62829
63755
64985
63897
63199
64648
65320
63966
64127
355
158
64465
65383
1110
249
64918
884
1523
9
65307
1359
990
64999
1
1075
65448
64306
65409
436
64353
63915
65359
65175
63499
64060
65395
64420
63410
64708
65531
64167
63934
131
234
64413
65199
1175
452
65056
863
1911
507
276
1823
1772
295
736
1958
1157
22
990
1713
176
65014
951
819
64598
64876
690
65216
64030
65031
447
64628
64161
251
308
64441
64955
1063
473
64886
681
1838
636
298
1972
2121
810
1021
2625
2040
753
1788
2694
1369
535
