65534
65526
65533
65530
65533
65528
65529
65529
65529
65529
65529
65532
65527
65528
65527
65526
65528
65526
65528
65526
65528
65527
65525
65525
65525
65527
65525
65524
65524
65523
65522
65523
65526
65520
65523
65527
65522
65524
65517
65524
65519
65522
65517
65523
65520
65524
65518
65521
65516
65522
65518
65520
65519
65520
65518
65521
65515
65520
65514
65519
65517
65515
65518
65518
65516
65518
65520
65513
65520
65521
65519
65519
65518
65517
65518
65521
65521
65520
65517
65524
65521
65520
65520
65521
65517
65516
65521
65519
65522
65522
65521
65519
65522
65517
65523
65519
65527
65520
65523
65525
65520
65527
65525
65528
65520
65529
65527
65525
65526
65523
65528
65522
65523
65524
65527
65523
65521
65523
65519
65521
65522
65522
65520
65523
65517
65526
65517
65524
65525
65523
65525
65526
65525
65522
65527
65525
65522
65525
65523
65524
65525
65526
65524
65523
65522
65522
65522
65524
65521
65523
65520
65522
65524
65526
65527
65523
65527
65526
65527
65533
65526
65527
65528
65528
65526
65527
65526
65531
65534
65523
65530
65523
65531
65525
65532
65524
65532
65529
65529
65529
65534
65533
65535
0
65532
65534
2
0
65531
3
65534
65534
0
65532
4
0
3
65535
1
65533
65534
0
65535
65533
65534
65534
65535
0
1
65532
0
65535
65531
65533
65535
1
65535
4
65533
1
3
65535
2
1
7
4
65534
6
6
3
1
10
1
5
4
3
1
7
5
6
65534
14
1
10
1
10
3
6
65535
10
4
7
7
9
14
2
7
9
10
8
10
10
5
11
3
5
6
5
11
5
4
5
9
6
11
14
6
9
3
8
6
5
1
1
4
0
0
8
65520
20
65525
9
65528
2
4
65535
4
65534
65535
2
65532
65532
65532
65535
65526
0
65523
65533
65527
65532
65534
65526
65530
65533
65534
65524
65535
65523
0
65520
65535
65534
4
3
65528
8
65534
1
65533
0
65532
65531
65531
65532
3
65528
65528
65532
2
65532
2
65521
65519
65533
65523
65523
65524
65534
65525
65527
65526
65533
65526
65528
65516
65526
65528
65525
65526
65525
65522
65529
65521
65516
65531
65521
65530
65519
65534
65522
65524
65520
65525
65535
65527
65523
65522
3
65523
65532
65521
65531
65526
65527
1
65521
65524
65531
65524
3
65521
65533
65522
7
65512
1
65524
7
65513
65530
65535
65531
65529
65513
15
65527
3
65516
2
65528
6
65513
1
65532
65534
65512
65529
4
65521
65521
65522
0
3
65513
6
65507
21
65489
14
65522
65531
7
65501
65532
4
65514
14
65496
12
65526
65503
7
65515
29
65490
1
16
65486
29
65532
65508
27
65528
36
65493
30
79
65392
158
65487
67
65467
97
65523
26
10
101
65437
165
65477
50
59
55
6
18
111
78
65492
34
223
65463
40
172
65507
92
59
79
32
70
120
65520
131
13
122
65525
125
66
65517
117
64
118
65443
210
65
65524
112
45
157
65492
104
120
65521
203
65381
349
65376
262
65452
207
65508
179
65508
229
65473
150
103
65535
201
65526
146
34
105
74
151
34
178
65499
198
16
154
32
116
79
80
117
86
84
99
54
123
50
91
57
87
82
69
45
128
22
110
7
135
48
82
66
60
61
103
47
94
16
120
63
99
90
47
65508
49
65407
31
65492
49
70
34
39
65514
65522
65513
65510
65493
32
65481
5
65535
16
4
65510
65505
65496
65488
65500
65504
65512
65509
65495
65498
65466
65520
65462
65504
65452
65478
65482
65505
65424
65514
65449
65491
65449
65477
65449
65459
65483
65469
65480
65452
65479
65457
65512
65487
65491
65459
65501
65423
65483
65432
65457
65486
65448
65471
65505
65408
65500
65398
65495
65407
65465
65452
65463
65412
65488
65443
65426
65450
65436
65417
65419
65452
65408
65414
65458
65409
65385
65454
65380
65446
65411
65437
65408
65442
65403
65362
65411
65347
65481
65332
65529
65363
65385
65507
65316
65445
65358
65388
65403
65372
65372
65426
65394
65403
65452
65403
65385
65342
65343
65256
65448
1
21
65534
85
65341
277
21
102
290
1206
902
64370
61437
63372
64247
3666
1862
62452
63699
65465
890
60250
63186
3139
58422
23276
60119
53341
21815
53704
63463
6974
43743
8442
2275
57453
8910
63710
11076
63086
60951
6608
56756
64911
63706
58072
65129
2738
3765
2218
388
2367
1532
64306
65148
62653
60981
148
64056
811
1998
813
345
2697
1345
64110
63898
61756
64106
63585
112
65426
1847
9
3594
1329
65063
65307
62893
64950
63984
65306
64189
1536
691
679
713
64453
518
64608
64108
64908
64115
83
687
64878
1159
65220
360
65322
65245
109
63986
65100
65214
64756
64
302
624
871
64875
549
324
64937
65421
64517
65353
1086
65121
65359
853
116
708
65321
65509
65026
64061
436
64796
64605
311
512
668
897
65118
869
65340
64822
65345
64030
196
482
64913
65109
1091
65189
1091
64453
64593
536
65142
42
65198
419
65419
121
65481
65131
1057
64935
215
65277
183
325
65236
65474
65392
64474
212
359
65118
923
65350
64059
673
319
64839
275
65355
65252
25
970
65003
64843
768
65298
535
65229
65197
65426
65218
799
65224
64800
65370
65331
237
773
154
125
86
64670
65490
65140
21
65457
65244
65186
65375
699
318
130
65470
65388
83
166
65238
427
65429
65435
4
14
65527
65452
64888
189
192
65281
65166
281
298
65346
65390
65473
830
106
65350
65416
253
16
65412
65071
65479
65417
65452
65497
88
491
83
54
54
16
65330
278
64789
65267
75
65469
557
65392
65364
6
473
184
74
65412
349
65132
64933
65499
65139
157
65491
373
229
75
281
65436
114
65348
65191
155
124
65156
441
45
252
465
64991
387
73
65375
65480
64861
137
339
65387
65522
349
246
45
137
65456
65526
195
42
65095
280
137
65323
137
65373
338
508
66
65534
65228
65438
65523
65240
65241
65489
296
65437
309
387
