377
299
353
385
334
396
358
279
163
108
65504
65356
65385
65416
65409
65387
65437
65385
65162
65149
65007
64977
65065
65023
65295
65223
65362
65315
65284
65233
65155
65274
65149
65465
65532
119
267
224
191
92
29
74
70
252
338
506
431
496
396
199
132
57
70
109
290
179
397
169
54
65475
65286
65264
65237
65300
65389
10
65487
65515
65425
65244
65289
65104
65276
65318
65484
55
102
101
29
13
65478
65442
18
65527
182
177
238
226
187
49
71
65461
65508
65392
65486
65455
65482
65513
65402
65414
65303
65279
65179
65152
65215
65251
65292
65344
65408
65335
65361
65291
65291
65312
65409
65439
65524
60
130
167
143
162
136
157
109
189
203
305
333
304
366
273
248
201
161
212
211
290
287
392
301
333
209
232
165
133
182
215
296
282
284
222
137
102
65492
65512
65446
65495
65490
65492
65489
65395
65272
65173
65163
65022
65112
65089
65095
65190
65098
65107
65088
65093
65050
65065
65123
65224
65290
65311
65455
65498
65509
65533
47
105
145
225
288
456
415
476
490
447
466
383
406
408
451
393
415
371
232
171
16
6
65468
65431
65493
65404
65421
65280
65223
65124
65051
65045
65027
65147
65180
65236
65274
65200
65252
65143
65216
65234
65348
65448
49
134
168
207
109
132
126
185
236
350
438
447
481
401
317
251
159
230
174
263
260
282
145
93
65527
65385
65381
65352
65404
65437
65430
65493
65395
65385
65336
65312
65316
65360
65467
65466
65533
25
1
44
9
30
16
95
56
109
84
121
96
85
66
47
65515
65473
65421
65393
65367
65395
65353
65352
65351
65265
65246
65181
65197
65178
65230
65268
65280
65305
65326
65340
65350
65366
65398
65419
65458
65524
26
85
114
186
167
180
158
183
153
208
220
261
277
252
263
240
203
180
158
179
213
244
244
296
290
249
240
187
180
187
203
250
283
283
230
195
138
70
30
65533
8
5
65495
65507
65399
65340
65285
65208
65154
65152
65115
65104
65109
65121
65084
65072
65085
65070
65103
65119
65168
65236
65294
65365
65411
65481
65533
33
76
143
200
251
338
410
453
468
484
480
471
459
463
430
414
387
350
265
218
152
80
20
65491
65451
65376
65314
65255
65185
65160
65095
65109
65101
65111
65112
65100
65114
65098
65122
65177
65224
65317
65401
65460
65511
11
31
50
87
171
247
327
376
393
396
365
328
317
312
326
322
326
303
235
174
94
32
65509
65481
65483
65449
65460
65425
65397
65345
65335
65311
65342
65369
65412
65449
65467
65494
65492
65505
65535
40
72
102
124
118
121
127
112
114
111
79
70
6
65520
65470
65440
65411
65382
65352
65298
65274
65216
65203
65195
65193
65214
65205
65221
65222
65234
65246
65285
65324
65366
65415
65429
65484
65517
19
62
103
134
155
180
186
208
217
231
235
235
250
230
220
218
186
172
170
171
179
199
205
197
209
176
185
183
206
226
240
260
258
239
209
196
174
159
163
129
120
76
34
65510
65461
65405
65361
65310
65273
65238
65202
65152
65119
65073
65062
65027
65038
65026
65060
65069
65103
65139
65178
65228
65271
65325
65385
65444
65515
49
136
193
265
324
392
432
466
491
521
533
525
498
492
466
442
394
370
317
234
126
30
65499
65422
65363
65330
65290
65239
65170
65102
65045
65004
64978
64995
65020
65079
65129
65179
65204
65234
65264
65309
65373
65459
31
131
191
249
277
300
312
336
359
401
415
413
391
366
304
250
187
148
103
59
23
65517
65477
65438
65410
65385
65365
65358
65354
65377
65394
65429
65471
65519
10
38
64
80
109
131
170
200
232
245
239
219
179
140
92
62
12
65509
65474
65417
65356
65297
65235
65175
65111
65079
65041
65024
65025
65021
65053
65072
65082
65110
65133
65171
65215
65270
65333
65408
65474
23
76
127
166
192
214
230
266
292
332
353
360
347
313
272
244
203
163
154
156
163
165
145
134
109
68
55
50
79
111
153
184
202
200
186
177
165
171
177
184
199
211
186
147
95
40
65510
65462
65417
65388
65351
65313
65270
65223
65170
65108
65067
65027
65022
65019
65015
65045
65074
65103
65131
65162
65198
65240
65295
65363
65440
2
92
182
263
330
370
415
456
492
514
546
590
602
591
571
536
453
368
278
210
151
88
41
65525
65446
65339
65237
65138
65063
65032
65013
65015
65034
65036
65053
65055
65044
65064
65103
65169
65250
65349
65453
65525
45
92
136
182
218
273
323
366
388
387
385
363
332
291
244
204
161
111
79
44
13
65520
65478
65436
65398
65374
65358
65372
65402
65442
65487
65511
65531
5
18
29
66
110
157
197
220
225
224
194
171
135
96
55
23
65524
65487
65430
65373
65317
65241
65173
65108
65070
65030
65029
65026
65025
65046
65043
65058
65081
65101
65136
65187
65255
65332
65415
65503
34
94
142
181
213
248
295
351
396
428
445
444
422
392
353
323
293
272
255
241
216
177
139
97
52
22
15
17
21
28
35
45
41
45
37
44
52
62
74
96
106
108
104
94
69
43
16
65528
65501
65479
65455
65431
65388
65344
65300
65266
65225
65197
65170
65162
65148
65156
65165
65175
65188
65211
65231
65260
65294
65359
65417
65505
46
126
186
236
287
329
365
408
470
532
556
564
562
541
483
420
372
337
287
237
190
127
38
65475
65376
65293
65214
65169
65133
65109
65093
65076
65058
65034
65034
65045
65072
65123
65175
65248
65312
65383
65443
65509
39
87
124
185
229
272
308
349
370
382
368
349
318
282
248
226
207
183
152
127
87
39
65532
65500
65484
65475
65484
65498
65516
65524
