20
22
101
65400
99
4
96
65500
95
100
51
133
76
37
206
9
198
88
129
139
149
115
77
177
70
18
154
16
55
32
34
65526
65444
22
65395
65459
65438
65444
65384
65352
65440
65308
65370
65337
65340
65334
65361
65301
65358
65395
65330
65344
65410
65365
65442
65463
65369
40
65477
65526
33
32
102
33
155
80
149
187
181
210
194
254
181
219
241
218
225
247
232
226
185
262
121
248
115
132
94
124
25
124
65515
66
65440
28
65431
65482
65415
65423
65408
65377
65340
65377
65298
65406
65214
65385
65269
65285
65325
65224
65314
65302
65266
65309
65255
65375
65254
65371
65334
65347
65392
65377
65406
65416
65418
65502
65461
65484
65532
28
12
54
54
98
71
143
115
121
165
182
152
175
184
198
147
169
222
136
181
128
132
141
118
88
73
59
103
65506
45
65529
23
65496
65499
65450
65504
65452
65434
65455
65430
65451
65437
65365
65457
65411
65459
65358
65455
65479
65413
65443
65448
65478
65463
65453
65456
65485
65492
65487
65480
65473
65529
65483
65432
6
65466
65517
65433
65494
65502
65455
65503
65427
65502
65480
65439
65467
65443
65496
65463
65445
65488
65463
65487
65436
65454
65488
65456
65486
65443
65483
65506
65475
65455
65506
65480
65501
65464
65500
65497
65512
65473
65502
65498
65529
65509
65526
65502
8
65509
65521
65481
41
65511
9
11
35
8
27
2
36
65515
48
65533
17
55
21
20
14
32
18
10
22
2
34
12
65529
65522
31
65523
12
65523
10
22
65526
65516
11
65527
11
65520
6
19
65532
5
65509
9
65534
65522
65504
65516
65531
65479
65518
65501
65518
65512
65510
65534
65508
6
1
65516
28
40
45
75
95
101
127
136
155
187
188
230
233
241
250
277
248
272
263
275
243
246
221
205
165
167
108
105
67
31
65531
65500
65457
65425
65383
65372
65316
65318
65281
65252
65239
65241
65216
65214
65243
65250
65234
65272
65288
65299
65349
65368
65399
65446
65488
65514
10
74
91
141
168
211
220
280
280
295
327
338
350
351
355
370
341
344
319
315
302
263
249
240
193
182
143
107
79
76
4
65535
65521
65483
65446
65433
65426
65388
65383
65356
65344
65345
65326
65314
65306
65306
65306
65279
65305
65297
65296
65313
65303
65315
65323
65326
65329
65337
65369
65362
65395
65405
65426
65449
65472
65470
65518
65533
7
38
70
85
105
127
140
161
169
181
178
207
200
200
186
198
169
163
131
124
112
94
58
32
31
65524
65497
65479
65445
65433
65415
65388
65381
65385
65366
65352
65353
65364
65344
65357
65367
65387
65401
65417
65440
65448
65484
65495
65514
65531
31
34
55
69
83
93
101
92
110
107
102
91
92
72
69
37
35
21
65532
65513
65494
65472
65462
65424
65412
65394
65388
65370
65361
65344
65346
65339
65322
65331
65335
65329
65337
65348
65347
65368
65370
65380
65392
65423
65418
65439
65460
65473
65497
65508
65521
6
3
12
9
28
33
47
63
58
82
69
59
38
31
29
12
18
27
22
14
1
65525
65498
65500
65481
65475
65487
65482
65476
65477
65482
65476
65474
65480
65481
65487
65491
65492
65498
65504
65511
65509
65511
65515
65519
65517
65511
65513
65509
65506
65495
65480
65482
65469
65466
65453
65466
65466
65481
65476
65488
65500
65502
65515
65528
8
44
67
93
122
143
165
172
199
221
230
257
261
276
280
279
268
258
253
231
209
186
162
124
91
59
24
65528
65496
65453
65428
65400
65372
65345
65331
65324
65304
65304
65300
65305
65311
65328
65341
65371
65393
65420
65450
65468
65505
65527
16
52
78
104
130
159
176
183
198
204
205
209
209
209
203
204
195
183
183
170
161
151
142
132
123
120
100
105
95
93
89
83
75
74
54
59
46
40
30
24
7
4
65522
65515
65496
65489
65470
65463
65440
65433
65415
65406
65390
65386
65379
65386
65383
65375
65386
65396
65397
65413
65433
65447
65476
65496
65522
15
42
69
87
120
136
155
171
188
203
210
217
210
200
192
173
153
134
109
77
53
20
65517
65492
65461
65430
65410
65386
65368
65347
65335
65325
65325
65322
65328
65335
65351
65368
65391
65415
65448
65473
65501
65530
15
45
68
94
117
148
161
180
187
194
189
190
182
179
166
157
134
123
100
83
58
35
22
65526
65502
65487
65463
65451
65436
65431
65418
65409
65399
65393
65382
65382
65376
65384
65381
65388
65387
65388
65395
65397
65399
65408
65409
65410
65417
65422
65426
65436
65442
65444
65442
65437
65441
65446
65446
65461
65477
65493
65497
65504
65508
65510
65511
65509
65522
3
20
33
47
51
55
50
50
44
45
39
41
47
43
48
42
33
22
7
65533
65515
65507
65497
65495
65485
65473
65466
65450
65438
65428
65413
65414
65408
65402
65394
65391
65383
65379
65375
65375
65382
65397
65413
65425
65449
65460
65475
65487
65505
65524
17
46
75
108
128
147
159
164
174
179
184
190
187
189
185
172
154
134
108
77
48
18
65528
65501
65475
65448
65426
65406
65381
65368
65356
65349
65346
65348
65352
65362
65366
65379
65390
65409
65433
65464
65484
65510
65534
25
42
56
76
85
96
109
120
131
136
141
131
129
123
113
102
98
92
85
80
75
70
72
68
65
67
66
69
72
75
77
81
80
84
82
84
77
75
66
62
42
34
18
5
65522
65513
65498
65484
65468
65453
65443
65434
65426
65420
65422
65423
65432
65440
65448
65463
65481
65495
65515
4
21
42
54
71
91
114
133
147
161
166
169
166
166
161
158
146
139
126
113
92
77
59
42
23
1
65520
65503
65494
65478
65473
65463
65461
65451
65449
65451
65456
65461
65466
65476
65484
65492
65499
65505
