10
4
1
5
10
20
17
13
11
65535
65531
65532
65535
5
6
5
17
19
14
21
12
65534
65510
65490
65492
65501
65521
23
52
59
38
0
65499
65468
65462
65488
65529
24
33
25
65531
65495
65484
65496
65521
16
35
34
12
65514
65490
65490
65499
65513
65535
3
65530
65508
65484
65471
65466
65470
65489
65504
65515
65514
65503
65496
65491
65497
65524
10
32
47
41
29
18
17
29
48
72
93
96
82
67
39
22
11
1
65533
65520
65501
65478
65462
65450
65454
65463
65471
65478
65472
65454
65440
65427
65420
65414
65422
65441
65447
65444
65439
65447
65460
65482
65507
5
30
43
51
60
69
80
91
101
101
94
78
68
56
52
52
53
55
51
47
35
21
11
2
2
2
65533
65529
65514
65498
65491
65487
65491
65496
65495
65500
65502
65492
65486
65487
65488
65491
65499
65507
65514
65514
65515
65519
65521
65521
65523
65527
65531
1
5
7
4
65534
65526
65519
65518
65517
65523
65521
65525
65516
65507
65491
65480
65477
65482
65493
65500
65506
65505
65501
65493
65498
65509
65521
65534
3
15
11
7
13
24
41
70
90
100
96
74
57
42
38
45
43
46
37
16
8
65535
65533
9
12
15
18
5
4
65532
65531
9
7
26
38
30
43
35
41
71
70
87
104
85
90
70
57
74
75
105
123
107
97
62
31
20
23
42
39
7
65499
65442
65396
65388
65411
65463
65508
65525
65529
65509
65481
65478
65491
65528
27
59
79
76
56
32
16
1
2
1
2
65515
65476
65441
65396
65368
65356
65357
65375
65383
65378
65372
65355
65348
65359
65398
65446
65499
16
45
72
86
96
120
148
178
202
207
196
168
133
103
69
59
56
52
45
28
2
65524
65505
65485
65471
65441
65409
65368
65320
65280
65258
65255
65271
65294
65318
65337
65357
65379
65416
65460
65512
33
82
121
150
161
168
173
179
193
203
206
211
208
197
185
166
155
146
146
133
128
110
93
80
68
69
68
66
62
50
36
17
8
1
65532
65529
65530
65533
65527
65518
65509
65495
65491
65497
65502
65510
65509
65510
65503
65494
65479
65473
65474
65477
65482
65484
65468
65461
65440
65424
65412
65408
65416
65422
65419
65415
65399
65375
65359
65352
65369
65391
65410
65427
65424
65407
65386
65373
65388
65411
65447
65490
65527
13
18
27
48
67
94
115
121
115
94
71
52
36
36
39
36
30
16
5
0
65525
65531
8
18
32
35
48
47
47
52
54
59
68
77
88
86
84
88
93
112
129
149
176
194
212
226
227
226
220
200
183
165
143
125
96
76
47
13
65528
65506
65482
65466
65439
65421
65403
65383
65377
65377
65372
65373
65363
65367
65367
65369
65389
65409
65429
65451
65473
65477
65491
65500
65476
65497
18
90
146
125
93
80
65523
65461
65480
65532
93
146
173
184
81
65463
65323
65216
65199
65261
65365
65492
10
65527
65459
65360
65314
65352
65446
19
107
150
130
67
3
65523
12
61
120
160
172
123
39
65510
65471
65470
65490
65524
21
9
65516
65469
65417
65410
65421
65471
8
36
72
96
89
125
169
223
303
358
388
386
338
292
248
195
162
134
95
80
55
29
32
34
51
73
71
38
65513
65432
65376
65321
65270
65254
65243
65237
65231
65222
65212
65222
65270
65341
65418
65492
17
50
79
101
134
173
207
225
224
197
145
107
76
63
68
75
73
53
19
65506
65462
65439
65442
65458
65492
65501
65501
65491
65450
65423
65406
65379
65391
65416
65426
65420
65393
65351
65325
65311
65323
65355
65395
65445
65474
65474
65465
65455
65442
65456
65487
65525
20
24
9
65517
65477
65455
65449
65463
65492
65506
65508
65483
65457
65430
65409
65408
65429
65450
65466
65471
65458
65452
65434
65420
65434
65454
65473
65484
65482
65476
65486
65513
31
98
151
197
212
187
143
98
68
52
58
75
92
86
58
20
65525
65500
65498
65528
30
68
78
69
57
38
32
48
72
99
125
127
117
93
66
44
26
23
29
50
80
107
137
167
198
211
219
231
229
226
219
192
165
131
103
75
33
10
65517
65478
65457
65440
65426
65418
65409
65417
65426
65422
65431
65438
65435
65444
65461
65468
65482
65496
65499
65489
65465
65445
65443
65438
65436
65464
65501
13
64
114
135
97
31
65507
65467
65473
65532
115
217
226
149
4
65357
65214
65161
65233
65369
65487
25
17
65474
65371
65289
65290
65361
65464
29
99
109
65
12
65513
65521
23
95
161
181
150
87
2
65472
65433
65446
65489
65513
65512
65480
65425
65364
65337
65362
65417
65476
0
44
54
50
56
86
137
202
255
297
303
267
221
176
130
111
105
97
86
59
31
12
65535
17
22
10
65510
65443
65366
65293
65240
65220
65211
65205
65191
65162
65137
65130
65141
65189
65259
65336
65396
65445
65491
65526
29
82
137
192
225
231
226
200
171
152
145
149
159
153
134
97
49
6
65518
65520
1
24
36
30
7
65517
65492
65479
65494
65515
65522
65523
65505
65470
65432
65403
65386
65396
65420
65449
65477
65488
65491
65489
65475
65479
65494
65512
9
32
47
42
11
65511
65479
65458
65465
65485
65516
65534
65528
65504
65466
65439
65436
65458
65509
11
39
47
22
65527
65499
65489
65503
65514
65532
7
65531
65526
65525
10
50
105
150
183
183
152
120
78
57
56
64
73
73
59
31
65534
65499
65483
65487
65499
65526
15
37
37
24
18
26
39
58
82
87
82
61
26
5
65529
65528
10
47
80
100
122
139
154
161
163
168
172
172
162
157
145
128
98
72
37
65522
65485
65452
65428
65421
65406
65405
65411
65386
