65477
68
129
78
6
65529
65493
65398
65307
65288
65352
65420
65486
65522
65520
65519
17
65458
65307
65281
65343
65315
65226
65254
65326
65370
65394
65494
44
43
47
61
65535
65453
65453
65511
65494
65520
69
122
65
15
59
88
83
96
207
246
211
174
154
123
68
87
75
71
101
137
134
89
151
215
216
164
162
202
116
52
28
59
50
51
83
71
41
9
28
0
65528
9
11
65531
65516
65531
65525
65501
65488
65462
65452
65402
65353
65318
65303
65295
65316
65376
65410
65434
65430
65417
65409
65371
65339
65343
65328
65308
65292
65274
65259
65275
65296
65287
65316
65346
65370
65387
65375
65353
65348
65347
65347
65351
65372
65357
65371
65397
65401
65407
65436
65499
65525
14
21
41
42
45
35
49
66
78
126
161
164
209
249
277
271
271
259
240
228
221
228
221
240
253
263
266
245
264
265
231
194
189
166
137
120
92
113
145
42
65488
65521
53
102
67
0
65506
65471
65300
65172
65239
65341
65444
65533
20
65508
65446
65263
65103
65079
65090
65172
65238
65251
65272
65337
65369
65369
65449
65511
65499
65444
65379
65337
65315
65345
65415
65525
36
68
100
113
96
141
219
253
259
274
231
160
95
89
112
160
208
257
303
299
300
324
338
337
341
301
210
158
142
116
123
146
209
235
232
224
224
178
137
138
137
93
31
65519
65493
65454
65464
65505
65535
65528
65524
65496
65423
65334
65278
65268
65283
65292
65318
65347
65347
65335
65302
65262
65240
65234
65229
65249
65263
65267
65285
65270
65264
65249
65232
65196
65213
65242
65239
65247
65275
65334
65381
65401
65417
65436
65419
65362
65339
65344
65380
65447
65516
31
54
90
92
89
108
124
140
143
160
168
207
227
237
280
307
284
263
254
249
248
270
281
308
292
267
224
197
172
174
168
135
102
115
103
62
44
111
91
65500
65424
65450
65474
65438
65384
65384
65422
65369
65244
65204
65230
65253
65316
65377
65344
65362
65384
65234
65104
65095
65125
65161
65181
65163
65266
65338
65319
65359
65459
65464
65453
65455
65402
65367
65421
65463
65521
30
91
139
156
139
178
256
286
304
354
346
286
249
229
217
261
312
329
335
350
355
362
348
351
377
361
290
229
212
195
160
172
190
197
213
201
189
163
134
104
84
17
65492
65445
65413
65418
65405
65432
65473
65488
65462
65433
65405
65332
65276
65208
65179
65193
65199
65189
65223
65260
65293
65310
65280
65253
65250
65247
65229
65220
65224
65252
65283
65281
65261
65252
65257
65249
65247
65258
65325
65394
65446
65468
65489
65509
65468
65434
65415
65376
65373
65429
65491
12
85
143
191
199
184
198
176
103
93
136
134
159
223
266
296
306
300
277
255
242
221
242
241
228
238
212
151
119
131
124
117
120
119
112
65
14
96
78
65439
65412
65447
65414
65401
65390
65383
65420
65399
65289
65267
65279
65252
65338
65381
65312
65377
65389
65189
65073
65070
65103
65173
65240
65275
65367
65392
65325
65356
65435
65435
65460
65488
65431
65374
65392
65408
65440
4
121
195
220
216
214
239
253
267
319
330
266
224
173
148
233
332
380
420
443
426
375
313
287
290
290
241
198
198
176
168
194
222
243
259
226
166
133
109
84
38
65535
65502
65434
65385
65377
65411
65454
65524
10
65530
65482
65417
65340
65246
65175
65141
65145
65159
65189
65240
65291
65376
65415
65390
65334
65285
65233
65190
65142
65134
65199
65256
65290
65290
65300
65325
65351
65329
65313
65368
65414
65412
65417
65420
65444
65435
65406
65378
65375
65377
65434
65515
52
102
166
198
145
103
105
64
20
41
74
103
149
204
280
330
343
327
284
219
168
147
126
134
160
192
206
178
174
198
193
180
205
155
64
65531
66
30
65409
65430
13
58
6
65520
65493
65490
65410
65265
65291
65349
65383
65460
65483
65382
65403
65333
65134
65093
65124
65185
65296
65327
65335
65400
65374
65265
65305
65367
65353
65368
65380
65328
65310
65357
65406
65439
65513
45
78
68
34
57
133
166
162
199
215
163
120
75
108
221
313
357
385
399
385
320
236
215
247
255
217
218
273
302
314
312
316
322
289
241
197
178
171
163
128
100
85
44
37
35
48
96
147
102
6
65505
65463
65396
65309
65273
65296
65319
65294
65321
65409
65457
65459
65414
65373
65308
65249
65178
65169
65192
65221
65262
65299
65320
65334
65355
65327
65299
65310
65322
65323
65301
65308
65341
65391
65408
65373
65402
65422
65393
65398
65469
65517
36
44
24
31
29
40
69
67
59
117
157
151
194
234
284
310
261
210
216
188
154
173
217
264
283
270
275
259
218
241
261
212
168
112
77
96
33
65514
66
159
183
164
114
31
65494
65353
65223
65250
65353
65458
33
53
37
15
65377
65190
65108
65096
65138
65200
65243
65328
65386
65383
65352
65374
65413
65391
65326
65247
65184
65175
65218
65276
65358
65463
65533
24
11
65530
15
60
64
56
68
57
23
65515
65508
76
195
299
335
371
381
344
271
223
190
188
179
142
181
260
328
386
403
382
376
332
242
208
191
185
170
146
133
131
117
130
172
195
223
186
94
27
65511
65442
65387
65330
65315
65353
65373
65367
65437
65484
65500
65475
65385
65304
65243
65148
65114
65123
65140
65180
65232
65265
65282
65305
65318
65306
65268
65230
65194
65161
65134
65140
65220
65288
65312
65312
65344
65364
65379
65402
65413
65439
65462
65417
65378
65377
65412
65467
65532
48
115
163
146
145
152
167
189
187
145
134
133
115
144
207
281
326
332
313
295
242
217
218
190
140
134
156
84
29
125
243
267
232
189
106
8
65398
