60808
40424
12538
11269
53885
50136
57234
9078
44586
2750
34691
39160
52532
33550
10813
37769
31607
48745
53947
42637
6020
6168
13301
1717
63856
61529
39549
9553
47723
13898
54679
18221
56539
35937
45955
45388
53870
22439
50998
54072
60698
12158
51165
62535
406
174
53846
65359
59839
13075
12929
61233
17641
60550
54182
9155
1144
23396
9789
63487
995
254
15471
52759
63302
8767
10573
33522
51115
56730
3905
45457
15406
58614
49593
44130
59358
10112
11736
14418
49504
46613
28584
34929
54246
8442
9994
7124
63824
64798
49171
57627
53859
15878
16251
16127
11571
6496
16499
55189
32605
58083
60351
60857
45271
24479
4866
36489
59864
61874
60130
8928
63733
50063
40932
54964
10154
51829
2851
58002
65098
15322
65083
59210
58162
63256
53976
53500
2718
26552
42200
28043
7933
48179
3862
58776
10396
18699
11996
4654
45746
48804
62575
53742
4636
11656
54668
26219
4574
32645
15296
52132
14699
34193
2780
8169
51112
1823
9449
49238
54159
59889
59251
62946
39313
53737
42958
62524
9580
32686
20877
17653
33369
59231
42463
62113
18777
5163
53595
52997
2232
28006
62302
18528
23307
3267
13547
43555
64139
50842
1504
10630
57998
9866
13845
23700
4434
62535
55202
50135
63767
43593
2798
45897
66954
16916
36961
7886
58111
43867
17364
11441
2619
14613
19152
15362
55968
36079
61588
2333
17707
61827
48543
60653
63177
15809
62211
5811
49113
9743
48079
9389
53330
27466
14007
42270
50179
8992
47516
59897
49310
46072
51801
39039
53395
29949
6137
53636
13268
44226
8277
38923
1450
63652
679
2661
47231
9840
4367
54798
13488
43838
50223
57113
22751
20855
48332
2411
18047
37346
2735
57883
17666
39506
9542
15601
10415
7771
42593
65416
62516
62508
37343
50390
14002
21314
37654
57652
3846
49384
25863
44725
39579
8399
39507
54809
30240
22488
15116
45188
3647
64746
52422
62482
609
17313
47660
531
39678
719
53705
4178
49853
7540
51471
14659
56392
34684
41655
51102
5696
14211
10778
55216
14139
62160
45235
64392
47520
46291
8135
10618
8127
37453
5974
48440
55544
40249
50444
58586
15921
36881
9926
11635
7165
1493
64604
8023
15237
59182
65513
6718
17772
57221
53960
60137
63354
19651
62573
50052
1115
61228
53394
49992
31436
63490
41551
14180
57163
50349
22074
8224
53210
48947
4168
1887
59749
62813
56511
36004
39125
973
22630
44170
61145
15619
3718
11224
48545
22688
41631
3097
25808
55112
20541
52707
17877
22241
26206
23562
8809
7612
39792
23478
48099
9382
9141
24236
56830
7460
7343
28546
14881
9747
42278
9406
12042
9421
61716
46354
208
2014
16657
55517
56822
49377
1199
4140
12801
2256
15145
2664
18631
61985
5549
54160
40284
8697
17989
37360
54755
4814
48145
60210
19384
1540
59790
10554
48363
56276
265
13698
53264
5423
63279
60681
47210
63551
41233
14067
12479
61274
2376
15784
60895
55931
11189
50148
42654
21307
64366
8185
13609
57511
6010
4482
11179
41322
51612
35730
8458
11451
3293
51440
11745
62438
17244
62825
12036
58528
6792
9891
40948
40965
56945
4245
38262
3113
54262
3116
60126
30259
56475
17938
52046
10305
2149
51412
55577
52860
3420
3969
64473
4203
855
50324
32128
27315
61781
20756
17155
64429
17263
21853
22913
30310
34799
54517
58826
22041
19081
52260
2167
55936
10026
64638
6204
8378
47407
35684
54
44566
4247
56842
61914
38819
12954
12656
17220
63569
58005
63425
9816
63893
6606
6517
8420
40094
63542
56364
28555
6914
58194
20725
60829
18304
2646
19988
6930
58257
46043
31569
58523
6903
45302
15915
36756
64535
54402
34905
10450
37241
63381
6109
3789
10160
7531
54220
63981
4038
16833
57099
2788
6566
47922
54800
7568
13934
60105
37915
4349
55686
701
36137
1406
49888
9550
55685
60188
10224
42893
44967
4538
33626
61818
19893
16339
65471
4769
4104
6576
23807
5065
5770
53047
9071
5907
51333
7437
14718
41625
34495
30889
6034
65033
3926
5096
59609
24013
56605
10177
48710
23169
57791
63381
9947
13036
4611
50635
41151
37070
1501
27201
39425
39683
12704
57950
3733
35057
61036
39940
56237
59643
46064
23872
46408
10996
445
57440
62403
44092
59379
4422
9795
60473
61602
15445
32064
12058
57426
31520
55925
55615
62217
3333
1473
10385
9584
65521
59215
29120
40671
40128
8697
64789
3253
11262
62078
15601
14353
14637
1242
31950
1625
65098
2074
59026
2774
65157
62293
5608
12711
16148
7645
51612
65440
2460
16310
10571
29559
15223
10810
12756
62795
21631
62131
45242
25689
17313
47713
57975
51695
57507
24377
5371
54167
10522
54799
47227
2044
65300
59003
36432
63568
54501
16716
10773
24046
7642
42133
5966
37170
8930
49274
5536
20335
51670
61005
4001
51920
46367
23108
64825
40773
56371
1892
62471
34037
51113
60871
57706
51309
12789
10873
16903
48718
34959
8514
39144
17946
36096
34497
40237
64558
10451
61893
18573
63302
22711
12753
59134
49619
59174
40401
5425
54247
57656
26539
63630
19149
5767
65110
6337
51196
48093
58867
44058
4997
2954
56717
39989
59618
52167
60315
54804
64703
3507
47077
19077
60925
46214
40834
8332
25413
10597
1803
13672
61912
15770
65180
25936
17488
10395
1989
3877
9170
52955
58079
42323
60562
681
60381
64632
63843
9761
55219
9145
56791
4361
37380
9675
7125
6430
62281
9465
56870
10467
39396
61117
12862
21947
9442
40396
11838
4048
19305
37187
50085
55552
24521
52257
40717
49406
35506
51287
24230
23565
64140
3732
9681
64296
50379
65404
5340
824
9724
12140
22249
16631
9842
43603
18845
53481
53041
45815
22332
57642
2771
58355
64397
17491
8599
17063
590
1625
58364
23993
4653
18129
65493
45531
19021
6516
58760
50515
34147
48028
13416
51486
46857
25537
28544
52530
9712
62626
64345
6571
61655
56900
55673
9117
55665
6976
150
46642
64220
6778
7661
57866
61661
7782
55560
63304
10181
45857
45523
61631
9557
15989
63057
14148
13036
51626
4178
27598
48341
14095
43499
3674
37591
12440
19051
116
30193
5398
18949
53116
20697
61215
14098
45711
46643
25784
64363
17718
26788
35853
40498
65302
14609
2710
39769
35251
21925
19340
22453
9117
13963
12058
52807
11395
14128
42644
19282
44876
2181
6112
24969
39319
58547
45720
60424
49300
55235
7199
22595
20168
10077
11303
52136
23527
3009
46801
57668
46659
49768
52014
7359
2019
15896
36764
58555
17929
47245
