51341
56096
58598
53825
198
17227
44180
3487
55007
56064
10134
24542
56670
55076
43440
23779
4450
9790
61019
9153
25547
45873
53895
10312
1564
52242
6769
14003
48559
57582
50101
14227
61397
44399
59473
64920
12175
11817
62556
50322
3285
4719
8422
7220
4112
34483
12091
42379
6940
12173
4611
64970
51980
6435
3017
9100
22154
16226
8748
52136
51500
7062
40243
44377
8814
11910
41256
2162
17575
10104
44403
139
58751
47775
63836
13686
2772
21531
44893
63787
33685
25630
33577
52952
3982
15659
52406
16445
25205
4277
62130
12241
12414
45186
54810
50735
1474
60009
41842
4782
48289
28880
46960
57918
603
42478
65149
14927
9595
65131
56536
8132
11281
3022
3607
7
36843
5986
20052
33170
9922
14479
7783
51877
23079
45115
11188
9920
22729
42457
48914
43655
4204
17649
52636
17417
11666
64503
17314
2000
43984
10985
52178
44682
20157
47043
57016
48532
59181
12590
40956
53903
52443
21248
50769
52268
12065
59581
18828
53035
57885
64168
5745
8399
8830
58721
14775
8283
60371
26930
64795
28323
6422
49782
56596
49495
56382
63017
27638
6874
47209
6719
7821
20814
24489
54385
63184
15577
15006
61981
64207
56518
1798
56084
901
36013
57219
14384
1677
52691
64621
36353
14299
55297
41228
48856
33338
46208
50
38601
9101
56896
41764
27140
62906
5617
45610
6452
51383
65519
9345
7776
56961
63323
43
22798
7625
14467
41129
53374
60232
60148
56413
65220
1715
8391
2142
7682
1377
4617
56385
21854
39915
58063
44102
7597
23443
45716
1762
55101
60259
42378
3565
52223
27390
62090
47407
55508
23808
8369
41149
40287
38383
61515
63987
21939
55688
20494
63607
51410
62604
3295
52637
2193
55086
10739
7898
45035
43357
2432
3483
5740
61781
55242
27217
1365
32063
58540
65487
17376
53257
9181
380
50154
20959
63989
26422
36438
6253
17031
3482
7133
15366
32795
11644
14227
9523
20081
15926
1030
63955
52036
50869
4241
50616
7682
12413
3953
64854
49326
46080
65498
65349
46893
1712
28995
46696
46847
15144
2619
21846
15258
59263
61274
45051
43704
4380
58129
59940
11490
31660
43065
59789
52741
7611
60632
59620
60801
56797
61494
23330
53409
10775
60892
15284
34032
12113
53795
49049
49703
16675
39596
44400
11762
55179
27793
53068
52359
13714
57599
56499
59216
24078
47962
7406
42099
49496
62430
3164
3871
11645
11351
19278
64572
60451
10927
56714
1546
63652
18839
7765
18448
43663
11827
36255
3499
53410
19556
11872
7082
64469
62298
44591
47428
1423
63982
52894
64689
64223
31140
65052
44549
1302
58294
6735
64756
24785
53734
54721
5628
59366
23651
62009
59497
64037
43046
14354
61629
45907
8822
54221
55429
62216
54693
10252
57460
19168
19664
49472
44589
10762
54846
7393
9307
16075
51125
3676
8576
17942
4901
61347
6601
44745
61523
6756
60094
47472
45900
54374
2771
21575
61252
5693
2496
38674
24052
3494
35518
399
4747
30665
12158
38280
48788
9055
53350
16957
42696
24223
55496
53586
57094
44320
57842
61129
31996
55445
22549
40967
37259
16170
59263
63331
40969
2732
1943
15459
45492
8061
55052
43495
21211
19513
4034
59033
15841
12738
23300
49310
62733
21195
19484
60173
6466
52335
53007
1976
61896
65114
14784
9359
10359
17446
49112
8004
8039
60526
20850
3397
5587
7381
56437
57862
10711
64832
61367
23441
15704
59099
45765
23663
59602
57873
38994
54081
10331
8518
52420
54586
64630
33141
7410
58257
16092
40931
6231
53621
9719
4641
63080
47658
12086
13381
41315
58037
10053
18181
10274
54360
6714
5464
61390
19069
6982
17735
6222
4573
17832
2999
56088
60271
39469
59028
44003
5104
23895
1573
46656
65116
33516
56987
60946
42485
10511
5497
31912
64245
3128
16388
58834
19396
42407
52830
4501
6415
36287
31138
59662
45602
43057
47891
37063
3953
6187
18018
7254
19376
64148
38795
51122
35770
1588
8533
63589
60757
53158
57822
18227
3767
32641
55571
39868
5956
64990
58328
30543
9148
29500
52855
59227
9371
44237
17109
42029
53512
14998
65361
55574
37443
62736
5454
50372
57023
59059
8096
22338
50001
3041
58615
18325
50709
6824
38914
58364
60586
3414
39340
1412
51659
8928
10543
45068
8195
55571
61717
9892
42659
3627
57438
11481
37824
24866
8679
1097
51855
60099
50333
61712
64068
9892
59058
47407
43996
31879
43376
65491
10514
38625
15595
12962
38931
31584
60036
41408
57844
58972
16474
44922
10912
4808
86
65286
9502
30172
32469
56315
51676
47290
5752
46243
37486
56285
17663
225
58256
2899
2762
58834
40200
54518
60425
8034
56389
44697
9397
16153
30199
28713
54969
4593
53146
65100
50550
65103
59648
49181
34260
31290
30558
52944
12788
56800
20482
40517
51130
52323
46857
56567
12834
53758
10337
11788
12264
20806
32358
62387
37080
36030
5639
7730
13200
64601
48260
61539
13725
60034
3105
16620
32328
21252
23464
32261
25691
57890
55091
11440
43438
3787
42657
63033
57500
52990
7178
60176
24391
31768
28018
28778
3511
7848
62178
56838
18269
56996
62958
2210
49039
15673
2259
4741
52987
2612
59147
44790
7930
60141
25344
43333
17792
30440
65045
23398
21458
28734
54406
16135
45245
36227
39317
52340
52700
62168
58463
22747
1244
41112
47048
57418
52004
64529
18598
15458
35603
48924
52825
5275
1474
21584
4191
7831
17992
1922
5487
56085
842
10681
44238
3048
63398
13986
64436
7301
45094
23359
50780
19985
58475
61836
11965
23300
10832
45134
62603
1428
40672
8844
1312
60177
28487
35325
5891
65450
17577
24495
10860
46157
34490
6987
39519
55529
53977
34075
56699
56223
54909
25614
59401
6422
64160
3839
22696
13153
54857
23880
44669
8789
12004
5245
12576
7795
15605
8337
29058
19440
25507
64027
55866
52745
56050
11064
65152
57357
1605
39343
35215
532
61150
13274
63164
10508
23280
61483
18885
64065
48754
56256
30578
11478
15451
41986
61432
16809
13807
28540
55320
53635
17736
15818
19871
22419
42057
10497
45457
219
64170
60032
50237
50611
13768
7574
21938
43944
51639
63214
590
419
16049
27785
19927
54287
62566
58961
26095
8951
8286
9953
63545
5677
6114
48666
31565
57035
11445
59906
56533
7217
51869
13162
58775
8760
16946
10917
717
10892
19119
49706
43176
44229
7085
52321
14798
25775
47281
3643
54866
62229
28879
54156
60012
12541
6015
62412
4985
58347
63071
22791
3791
6762
21306
21655
12641
28106
57113
5447
