38430
60001
47953
54152
11068
22447
4184
38748
54311
37091
48818
55455
62424
55184
62131
21096
46492
2557
55239
55325
11734
25032
51771
55200
47715
25735
7244
6304
60679
6136
23728
47944
58644
6340
3881
49427
9487
12826
45859
57698
50083
13467
62022
48592
60164
61601
10576
10877
64588
48594
3240
6064
9389
10751
8935
34855
10758
40399
6223
12726
2880
64119
57722
1027
3392
9944
22114
15719
9927
53864
53499
6636
40065
49343
6922
11395
46202
2732
16477
5768
44757
63758
60853
47173
60122
9882
2698
20382
44320
62841
36956
24785
32060
52929
7446
16207
54956
17266
25276
7776
61844
7914
14093
43060
51278
47998
6160
60773
41152
2858
50017
27075
43968
58140
65443
40586
2611
13911
8791
329
58678
3526
12328
7050
5813
2393
35783
6019
18724
32018
13213
14076
5015
51509
24339
44601
11621
6955
21803
45754
46941
42534
4961
18852
53406
15308
13505
63068
14220
1359
43614
7862
54933
40946
18028
49473
58871
46780
59251
10258
42706
55340
53332
17380
50648
53756
13774
57377
22208
57442
56857
64109
7161
9107
8299
61810
21112
5794
57373
26115
65283
27184
7557
50236
58089
45984
55804
1272
26993
8565
50599
3518
9339
16767
26509
58211
63975
17829
12821
63382
63236
56166
3061
54603
62873
37975
61547
14254
704
51953
1908
37753
14568
56368
39443
51113
30952
44122
61889
38464
10706
60866
44630
27398
3248
8800
48055
7105
53387
61415
11229
8187
55716
60246
65044
19814
5420
17435
41606
54376
58605
59348
55114
63650
65270
8258
1357
7689
64806
1948
61543
20063
38339
55822
43165
9097
28789
44313
64470
54921
59064
39733
7454
52736
25635
59036
43601
59984
20825
5041
42374
45141
40199
57801
63252
27106
55496
20083
63278
49388
59019
4542
49695
2835
58550
11474
8126
41645
42205
934
4212
7088
62437
57264
27069
3809
38201
58703
2061
11486
52511
10550
4108
45163
17758
57803
27754
35876
2579
18937
1190
7931
16456
30940
6347
15858
11134
18866
16542
4285
61677
52100
54627
13560
47743
4186
11213
3872
211
49524
51036
36
1228
41321
3314
33206
51577
48366
13950
4595
23753
16629
59046
62823
41060
46033
3730
58757
59695
14664
28780
42878
60186
51860
9319
59230
64984
64946
59063
60424
21660
53924
11874
58724
16664
35696
13012
54924
48207
47223
21158
35633
44891
8664
52484
25502
54501
51697
10199
56398
55408
59989
26099
49181
3140
39023
48476
64206
4106
7253
13216
9836
19661
61835
60716
8936
57928
65449
911
19094
7269
19812
43145
14745
35010
4993
51440
23164
8170
7389
64398
64445
42561
45139
65199
3115
52491
64383
64968
30714
65039
41862
378
57790
11834
60923
22633
55773
56702
3697
60192
24938
60156
58303
63249
43987
13817
64947
47867
7530
54542
52796
62847
55672
14368
59415
17868
22800
49790
40758
9302
52166
9716
6848
14894
52630
4062
6587
15030
65134
253
9461
46711
64416
6211
61285
43841
48812
52415
3837
23276
60503
8773
3458
38063
19092
3090
35918
64143
4461
30096
15918
35189
50083
8717
57326
15160
41256
20354
57302
54066
58661
40501
55047
62211
34087
57893
19429
41210
35468
18233
59690
64133
42704
6206
65491
20303
48258
12364
53808
42801
19562
19145
5745
59659
20165
8734
24573
51194
60827
21087
21785
61635
7004
53158
53876
2150
60888
63763
19073
2570
11747
15931
50091
342
7323
60484
20927
65207
8153
10688
54547
60081
11617
1342
3306
26691
15776
59503
48346
25722
61072
59160
37571
55497
9336
8488
50760
53031
64875
36755
7400
60663
16026
38264
6651
52921
14528
7569
63269
46159
10155
15678
41964
58915
13431
16814
9692
56087
7410
6309
61847
15818
3932
17589
5615
4763
22126
65040
56319
59387
36911
59216
45092
6213
24320
636
46281
63646
36569
56126
61301
39229
7432
4519
30066
65098
1229
14198
61112
22255
42546
49324
3407
3257
34685
28896
60382
43422
45767
50358
35425
4565
12448
17696
4697
19481
63903
42361
56637
34267
3752
9527
60984
64673
58606
60584
19033
6141
33611
51348
41412
2075
3069
56062
31905
8224
30119
56472
55816
8135
46899
17748
46057
56768
14384
899
55930
37707
62536
4324
50198
59684
60452
7984
22553
47393
3193
61269
18663
50595
9568
35048
55425
61585
3174
38221
2239
51068
10509
12392
45914
8439
49033
63589
7576
43348
3852
52716
11257
37251
29198
5103
65447
50482
60959
49989
62857
629
10963
59472
45871
50103
32444
45083
2815
9761
40778
18402
11995
40284
30887
63909
42100
60919
55154
17734
46727
12651
5532
63003
63306
10449
29183
35140
56691
51153
49427
3630
43245
35667
57566
17820
1789
58977
2258
64093
59062
43881
54384
61963
6590
60962
44306
5297
13438
31031
29645
55578
3598
48840
912
50407
62488
61834
51177
33476
27420
32941
56850
19015
57263
22695
43375
54518
57228
45459
53244
11398
51142
10049
12369
14332
21680
29219
61871
37501
40578
1964
7918
13594
60382
48399
63278
14879
61836
65356
15168
32342
25537
24705
34549
21588
56179
58281
12653
42699
6577
41243
62219
58544
50977
2470
60045
25800
31517
25278
30130
1231
13979
62429
58911
23305
58689
64253
3626
50785
12086
64145
6798
54721
2284
58006
44477
10163
59895
19986
41958
21062
27645
62601
23817
18770
26966
53215
14549
44870
34004
41563
52870
54145
61759
56434
21261
959
44412
50576
59558
49921
62733
16874
19264
33442
49656
51301
2897
3624
19932
1483
6542
22335
3155
6089
58452
63943
9547
43221
931
63022
12713
63876
5834
43588
24244
50982
15523
57717
61911
9444
23217
7986
48860
59839
1020
41199
11154
60162
58954
29728
31796
4306
63591
17207
19349
7877
46235
32889
7769
39554
56629
55063
32234
54157
59625
56381
25282
60689
5852
64857
5563
21344
11443
56740
25611
46454
8917
11675
6393
11459
7204
20268
9493
30496
24101
27682
64535
54200
57327
57562
8655
65034
58772
3039
41513
36959
1297
62270
14019
65313
9882
22813
60882
19860
64503
47841
59836
32059
12812
13574
40927
61455
20362
11260
29536
57008
53203
16188
16956
19676
20805
43191
14604
47127
63168
3012
61321
49754
51450
15533
7063
18542
45319
52711
61234
2030
62381
16736
30713
15866
54072
64219
63200
26058
9987
10491
8242
64396
7058
8204
50031
35069
57578
7540
63641
56132
7461
50833
11760
58709
7264
18743
11866
1419
12425
21584
47956
44907
45171
7947
51870
15172
26749
47449
64100
56304
57208
30022
55605
59816
11755
11524
61277
4718
58913
