3816
65168
63743
2477
63568
2196
4697
65469
1128
4318
10299
2124
10016
763
3785
8472
7930
8017
9493
3433
10461
1065
12491
15243
13118
10044
13775
13627
10792
10759
16126
7362
14257
12348
12060
10254
12658
16601
21502
16210
18658
17164
15961
15974
15138
15295
15887
20084
14971
18261
17373
11220
20071
14790
16619
20255
13608
18168
18375
10209
12306
14175
13072
16235
16487
20046
12270
17462
14714
12645
17125
11708
10448
14245
11938
10032
14990
15790
19144
11541
8711
13868
12115
5856
11255
8511
9826
14237
7084
1687
7260
5265
11003
14071
541
7813
5472
2028
61772
6531
5084
7909
5776
64473
2680
63947
2131
62559
6900
5161
64226
64429
62707
65347
60950
63943
64141
60145
60771
56632
62866
57480
53508
62522
61939
61816
60829
56956
55974
61625
58084
54453
55238
52334
55444
53743
55545
51287
53273
52004
55432
50534
48163
50267
53275
50738
51142
49420
54019
53790
45552
47843
40580
43747
51442
46971
53144
49426
47365
44668
51792
53125
53639
50580
53878
49433
45539
53588
55138
49890
48778
47152
47261
47274
48130
45130
50783
52361
48875
51902
52005
54302
53763
53735
47148
45734
48786
52511
50665
54032
53781
54444
55124
56455
54544
52736
57454
54641
59361
52930
56488
58342
64453
58991
55201
60323
59367
59790
59046
60809
64554
65518
3590
63722
60394
1076
7228
3408
3051
64630
1011
990
9485
63401
5493
7894
5463
4479
5808
7769
12928
4871
9337
7182
13098
13920
3689
18231
9505
18403
16839
12704
14368
3270
13903
15341
12061
13425
15005
15878
10203
14089
14018
17905
15721
13781
22156
10347
9022
17687
14006
17862
18444
17494
18070
19229
11434
15541
17607
9102
19596
13722
20665
14401
15496
18140
22528
15416
14976
17865
15780
18938
10676
16820
13948
11068
13852
17318
12722
16548
20027
15846
11819
13586
13320
14492
14251
11582
7411
8867
8545
8839
12791
10752
10661
8666
5254
4336
4155
7540
6162
4567
7081
7898
64580
64042
8842
624
65082
63712
5538
62021
2116
62505
60520
65093
4809
61810
63624
56502
63421
58788
57950
58620
58096
57240
1872
58214
55919
56068
62378
53262
54945
52227
49122
50170
59385
59088
48214
53461
54409
51572
54620
57948
52721
47011
46293
47846
50642
47959
46596
49126
50558
47937
49787
43150
49743
48929
55366
48180
48004
50847
47719
50562
42525
45299
47663
52086
44374
48168
48832
43972
40781
48682
46478
53114
45130
58693
47286
49182
48823
47159
49335
47587
49841
51873
47761
52294
48900
56342
54194
52258
52378
56278
55384
61239
51196
55855
57161
54335
56499
60682
55400
59617
59388
59387
61114
61203
62018
64148
60218
62249
719
60242
64437
409
65495
1058
64585
65066
4984
63921
2669
62441
6536
63655
3373
4103
1940
10405
1102
9424
9519
4619
13772
7397
7153
6199
9246
15158
12612
9007
7300
8489
4393
8181
6240
10342
11141
13522
17145
12719
19068
11945
10546
12694
19665
11778
9108
16124
21022
13363
12875
20141
10409
13936
13525
19915
14626
13903
16069
18343
11605
14438
19167
17075
14253
9112
19503
15146
17468
16767
17519
12792
14694
12924
13877
12311
13891
13482
18391
18337
12509
14350
12027
14660
12974
11618
10534
8543
14367
4442
10843
9899
13205
10855
6412
7123
6120
6857
11039
4767
4875
11225
10491
8241
9982
3971
1401
5131
3140
3424
55
865
5260
58468
3337
1141
64383
64939
64969
64305
55044
60780
61819
62936
63123
59861
61641
58640
55888
59310
55611
55391
56782
57809
53371
53048
58501
57922
54040
55926
53743
57803
52728
54684
54190
53236
45300
51295
44163
49731
49467
50105
55625
51321
52119
55773
49449
48112
51270
43554
53371
43121
45547
51238
45325
52671
51379
48234
50410
44577
46294
43155
49107
52369
48448
44880
48412
53861
50129
54820
49402
48756
55192
57350
52687
51767
49149
45260
50691
52030
51660
50401
54839
52078
51410
53966
49581
56444
56626
48156
58190
53659
52812
57930
53180
54961
60471
58222
54224
58689
59303
60781
60735
63246
59770
59454
62640
4878
64566
1613
69
382
64802
64433
58609
60337
65108
64125
5095
5361
5752
5587
3805
5878
6304
64245
8929
3283
7363
10012
10422
12249
11955
11933
11893
11594
15953
12080
12610
10432
12241
13180
14462
16683
12766
7068
15818
16571
19962
18864
12205
18056
10920
11533
16902
16122
13754
15647
16186
20411
15509
17957
14772
14093
19139
18174
21336
11734
14507
14983
17100
13913
14078
20530
23253
13232
18781
16883
19420
14766
16286
12971
13655
15239
16957
16497
17252
18825
11824
16843
16462
13558
20538
10662
7484
13161
3671
5792
12092
5419
6929
8246
14361
5085
7649
6903
6859
63946
6588
2758
9349
5337
5799
11202
2482
63882
61102
63824
59451
61854
2032
1561
60620
1440
2987
56570
999
54563
62500
57416
61600
52237
3517
60914
59058
58224
59528
53888
53968
64307
55004
52476
57759
54686
55499
56589
48574
53525
57839
52556
54789
53510
54819
50627
55367
47771
52834
54180
51135
56362
54915
51622
51375
52422
53505
44117
53006
46192
48431
50211
50686
51792
43555
43878
45635
49189
53146
53834
50720
49385
52771
46707
45136
46353
57451
48585
46148
45341
53075
50333
56048
54701
53966
59268
48777
54721
54625
54504
59676
54616
57789
57455
56976
52120
55552
58149
55900
57902
57096
58200
53706
59088
59548
58736
61729
63336
62429
62231
694
64962
55438
63419
5675
62565
64995
62156
64980
277
7914
63834
62749
60775
7582
5794
63850
10103
1757
5863
4167
3485
8165
1600
10209
7090
10816
8886
14948
9811
8576
7146
6899
14286
14436
13318
9134
4498
11342
14740
11578
12922
11325
11610
18597
10543
11076
19490
16643
16337
15517
18386
20982
13423
14601
21881
19485
14777
16546
10919
11803
18158
14041
21527
12871
19359
14484
24249
15863
15698
18416
15934
14813
14173
13939
15264
16666
21897
12576
10650
8956
12039
15673
16293
8420
15383
15418
10632
10751
11418
7747
10271
7615
9346
7433
12821
7382
8673
11161
14046
5994
6172
5581
6707
3984
4917
1299
10179
6711
63755
4001
3247
247
3755
64732
64294
369
3908
4928
64038
62082
61604
3581
56175
3655
61824
53158
62321
55135
59465
57563
62711
56941
60984
58476
50704
59140
61097
51415
56049
53883
57480
52730
54085
54358
51270
54018
53807
52036
55247
50689
50433
48170
50152
49935
53626
53144
47654
43110
52839
48186
48772
51103
45345
48409
52248
50533
47196
47385
45295
57937
49910
50266
48266
