0
319
639
959
1279
1599
1918
2238
2557
2876
3194
3513
3831
4148
4466
4782
5099
5415
5730
6045
6359
6672
6985
7298
7609
7920
8230
8540
8848
9156
9463
9769
10074
10378
10681
10983
11284
11584
11882
12180
12476
12772
13066
13359
13650
13940
14229
14517
14803
15088
15371
15653
15933
16212
16490
16765
17040
17312
17583
17852
18120
18385
18649
18912
19172
19431
19687
19942
20195
20446
20695
20942
21187
21431
21672
21911
22147
22382
22615
22845
23074
23300
23524
23745
23965
24182
24397
24609
24819
25027
25232
25435
25636
25834
26029
26223
26413
26601
26787
26970
27150
27328
27503
27676
27846
28013
28178
28340
28499
28656
28810
28961
29109
29255
29397
29537
29674
29809
29940
30069
30195
30317
30437
30554
30669
30780
30888
30993
31096
31195
31292
31385
31476
31563
31648
31729
31807
31883
31955
32024
32091
32154
32214
32271
32325
32376
32424
32468
32510
32548
32584
32616
32645
32671
32694
32714
32731
32744
32755
32762
32766
32767
32765
32760
32752
32741
32726
32708
32688
32664
32637
32607
32573
32537
32498
32455
32410
32361
32309
32254
32196
32135
32071
32004
31934
31860
31784
31705
31622
31537
31449
31357
31263
31166
31065
30962
30856
30747
30635
30520
30402
30281
30157
30030
29901
29769
29634
29496
29355
29211
29065
28916
28764
28609
28452
28292
28129
27963
27795
27624
27451
27275
27096
26915
26731
26545
26356
26165
25971
25774
25576
25374
25171
24965
24756
24545
24332
24117
23899
23679
23457
23232
23005
22776
22545
22312
22076
21839
21599
21358
21114
20868
20620
20371
20119
19866
19610
19353
19094
18833
18570
18306
18039
17771
17502
17230
16957
16683
16406
16129
15849
15568
15286
15002
14717
14431
14143
13853
13563
13271
12977
12683
12387
12091
11793
11493
11193
10892
10590
10286
9982
9677
9371
9063
8756
8447
8137
7827
7516
7204
6891
6578
6264
5950
5635
5320
5004
4687
4370
4053
3735
3417
3099
2780
2461
2142
1822
1503
1183
863
543
223
65439
65119
64799
64479
64160
63840
63520
63201
62882
62563
62245
61927
61609
61291
60974
60657
60341
60026
59710
59396
59082
58768
58455
58143
57832
57521
57211
56902
56594
56287
55980
55674
55370
55066
54763
54462
54161
53861
53563
53266
52970
52675
52381
52088
51797
51507
51219
50932
50646
50362
50079
49797
49517
49239
48962
48687
48413
48141
47871
47602
47335
47070
46807
46545
46285
46027
45771
45517
45264
45014
44765
44519
44274
44032
43791
43553
43317
43083
42851
42621
42393
42168
41944
41723
41505
41288
41074
40863
40653
40446
40241
40039
39839
39642
39447
39255
39065
38878
38693
38511
38331
38154
37979
37807
37638
37472
37308
37147
36988
36833
36680
36529
36382
36237
36095
35956
35820
35686
35556
35428
35303
35181
35062
34946
34833
34722
34615
34510
34409
34310
34215
34122
34033
33946
33863
33782
33705
33630
33559
33490
33425
33363
33304
33248
33194
33145
33098
33054
33013
32976
32941
32910
32882
32856
32834
32816
32800
32787
32778
32771
32768
32768
32771
32777
32786
32798
32814
32833
32854
32879
32907
32938
32972
33009
33050
33093
33140
33189
33242
33298
33357
33419
33484
33552
33623
33697
33774
33855
33938
34024
34113
34206
34301
34399
34500
34605
34712
34822
34935
35051
35169
35291
35416
35543
35674
35807
35943
36082
36223
36368
36515
36665
36818
36973
37131
37292
37456
37622
37791
37962
38137
38314
38493
38675
38860
39047
39236
39428
39623
39820
40020
40222
40426
40633
40842
41054
41267
41484
41702
41923
42146
42371
42598
42828
43060
43294
43530
43768
44008
44251
44495
44741
44989
45240
45492
45746
46002
46260
46520
46781
47044
47309
47576
47845
48115
48387
48660
48935
49212
49490
49770
50051
50334
50618
50904
51191
51479
51769
52060
52352
52646
52941
53237
53534
53832
54132
54432
54734
55037
55340
55645
55950
56257
56564
56872
57181
57491
57802
58113
58425
58738
59051
59365
59680
59995
60310
60627
60943
61260
61578
61896
62214
62532
62851
63170
63489
63809
64129
64448
64768
65088
65408
192
512
832
1152
1472
1791
2111
2430
2749
3068
3386
3704
4022
4339
4656
4973
5289
5604
5919
6234
6548
6861
7174
7485
7797
8107
8417
8726
9034
9341
9647
9952
10257
10560
10863
11164
11464
11763
12062
12359
12654
12949
13242
13534
13825
14115
14403
14689
14975
15259
15541
15822
16102
16379
16656
16931
17204
17475
17745
18013
18280
18544
18807
19068
19328
19585
19841
20095
20346
20596
20844
21090
21334
21576
21816
22053
22289
22522
22754
22983
23210
23435
23657
23878
24096
24311
24525
24736
24944
25151
25355
25556
25755
25952
26146
26338
26527
26713
26897
27079
27258
27434
27608
27779
27947
28113
28276
28436
28594
28749
28901
29050
29197
29341
29482
29620
29756
29888
30018
30145
30269
30390
30508
30623
30736
30845
30952
31055
31156
31254
31348
31440
31529
31614
31697
31777
31853
31927
31997
32065
32129
32190
32249
32304
32356
32405
32451
32494
32533
32570
32604
32634
32661
32685
32707
32724
32739
32751
32760
32765
32767
32767
32763
32756
32746
32732
32716
32696
32674
32648
32619
32587
32552
32514
32472
32428
32381
32330
32276
32220
32160
32097
32031
31962
31890
31815
31737
31656
31571
31484
31394
31301
31205
31106
31004
30898
30790
30680
30566
30449
30329
30207
30081
29953
29822
29688
29551
29411
29269
29123
28975
28825
28671
28515
28356
28194
28030
27862
27693
27520
27345
27168
26988
26805
26619
26432
26241
26048
25853
25655
25455
25252
25047
24839
24630
24417
24203
23986
23767
23545
23322
23096
22868
22637
22405
22170
21934
21695
21454
21211
20966
20719
20470
20220
19967
19712
19456
19197
18937
18675
18411
18145
17878
17609
17338
17066
16792
16517
16239
15961
15680
15399
15116
14831
14545
14257
13969
13679
13387
13094
12800
12505
12209
11911
11613
11313
11012
10710
10407
10103
9798
9493
9186
8878
8570
8261
7950
7640
7328
7016
6703
6389
6075
5761
5445
5129
4813
4496
4179
3862
3544
3225
2907
2588
2269
1949
1630
1310
990
671
351
31
65247
64927
64607
64287
63967
63648
63328
63009
62690
62372
62053
61735
61418
61100
60783
60467
60151
59836
59521
59207
58893
58580
58268
57956
57645
57335
57025
56717
56409
56102
55796
55491
55187
54884
54582
54281
53981
53682
53384
53087
52792
52498
52205
51913
51623
51334
51046
50760
50475
50191
49909
49629
49350
49072
48796
48522
48249
47978
