3057
5020
8032
1506
6512
6642
64239
4274
7553
8023
4875
2264
8111
7127
10418
7855
8721
1739
14937
13701
3146
11894
13011
14840
14191
5796
12197
8942
12149
11411
17442
14548
8326
13980
10000
19624
16058
15377
15857
12991
18855
11642
7410
18769
19681
18152
22112
19071
13808
15707
14487
13382
19504
10314
18214
16560
13230
9185
14593
17470
18004
18744
17355
18933
11533
12237
16270
13933
15177
9684
12016
16420
15645
10048
11765
8921
14254
5278
9997
10302
4128
6162
14375
15046
14012
7148
6311
7215
8931
8354
11318
7160
8804
8772
8592
10702
6136
3500
3259
4968
217
2955
5485
4518
65042
2128
62394
2180
62359
64779
62216
64704
3884
65361
62226
62632
63028
60831
64386
57426
58129
56338
61266
55802
51150
58523
59282
59896
55122
57104
54952
55132
55351
45859
56881
55942
54544
56542
48919
52894
51678
52334
51015
56436
55121
49451
45443
49888
54681
51357
49582
51750
55511
48981
42323
44199
46550
51422
48227
48015
52804
48849
47158
50906
48325
56167
49887
49130
44715
50458
48872
50726
56303
54110
51074
52468
55130
52961
50895
48553
53998
51901
50137
51719
55489
53618
54268
58089
55837
51881
53331
63324
58410
52548
53506
58653
56510
52475
57703
58742
65095
59402
57064
59381
64603
61968
62458
3220
64839
62312
63893
64725
28
65394
1523
1536
480
65149
2864
3513
2447
10318
7342
4836
2221
7993
2100
11346
8422
5211
19462
12405
8697
5649
12510
6702
13116
10232
9757
14208
8708
10110
10208
13178
15178
14508
11859
9075
14108
10735
14007
21146
16862
12141
19808
6572
21481
13551
9867
14704
14713
16628
17275
21803
11490
13659
14051
15485
15260
17722
10488
15595
18181
9303
16658
18588
15291
17377
18434
13735
13834
14841
14860
13241
15504
16749
15002
14052
7283
12904
12776
9084
9032
7823
13732
6569
5831
7594
15862
9766
6885
6632
16749
8664
7356
2031
65374
9781
2401
1135
64534
9162
1966
3172
3438
1828
63244
1724
60537
3724
391
59919
3219
64426
165
62097
442
60722
63018
2251
995
60197
59936
61640
63748
58753
57085
60792
55801
54522
60025
60706
49123
61389
58735
55061
56435
55793
54198
51767
51897
54222
49089
57400
54309
50585
52760
54283
49756
50082
49710
50118
48354
53602
49576
53496
52992
51346
50092
45149
48865
52193
48605
49536
52881
49687
49372
47227
51819
43980
47432
45283
52272
50011
48748
54159
50686
51310
44202
50081
47431
49837
46418
50559
52872
50804
54022
49084
49744
57874
58650
55479
52090
54773
56319
60977
56959
58514
57179
54764
60710
57184
58678
58143
63886
65066
61684
62486
58960
58257
63535
59701
60093
61507
271
16
996
59804
61457
996
3724
2605
3589
1828
62006
7327
64006
11036
4796
3453
10642
6716
4005
3177
8161
6955
4757
712
9834
8392
11209
10208
10923
12274
9991
7625
5419
15151
12634
12972
11854
12400
13687
17242
12011
12530
11557
14909
12087
15076
15735
16688
10364
15353
15980
18228
14806
13747
15992
17542
17503
16924
19137
12914
14184
10806
15432
16874
16809
17147
14964
14609
15016
16122
11063
13453
12812
9311
14157
13192
9838
14924
9181
13121
14646
14154
15589
14063
10886
12600
14156
11458
11725
7754
9606
12321
8218
8995
10519
6742
11727
266
11206
7543
1769
63879
6385
1171
5961
4146
59432
2029
60637
3629
1384
7496
63678
62136
280
64363
2894
63098
64403
64349
63576
59649
61089
63077
61762
53908
57634
60078
61013
60091
57005
55118
52734
56852
55752
53481
63203
52142
55987
52487
56772
53835
60384
48120
51487
54935
56493
51393
51986
52150
45657
46756
58007
55828
46788
51172
48322
48230
52076
47657
45336
44425
53595
51662
53468
48942
45696
44639
42046
45543
43802
47549
51342
50525
51285
54298
53606
46586
46212
51899
50499
50311
54226
45924
50735
50779
54139
47763
58160
52123
49788
50429
59040
59365
55052
59955
53902
56616
54535
56431
59464
60142
56463
53783
55017
57611
59790
62383
60306
60500
59517
59870
62178
316
1016
61341
63573
63572
62086
1802
62983
65270
1062
551
64672
58222
7616
900
4255
6365
1549
6354
1989
3266
10107
8568
6154
12869
14009
6051
12180
6021
10127
12787
13769
6923
15963
13261
7269
11362
12637
16633
9570
15369
12970
17244
13429
14266
14582
8168
15388
15954
19489
14590
14187
15844
18538
14519
14225
19706
13160
17758
15914
11596
19060
15333
12611
19376
19481
17518
15999
15600
16426
15212
11058
8322
16676
15493
11928
13721
14805
16441
10441
16699
17800
13982
15434
12116
15509
5752
14637
10167
10360
13849
10301
12061
11578
1921
7220
4612
1678
7083
11346
13533
9734
6559
4792
4518
65427
1093
5090
9004
3320
61517
18
61835
64859
1390
1121
1770
689
61705
59372
63921
65155
60769
60443
61165
59659
58614
58216
60418
54195
59792
52479
56269
54706
50717
59736
52108
55520
55999
54683
56685
50626
57384
50651
46214
50072
60505
50234
56465
52676
49809
48480
55434
47034
48438
50871
49149
48822
50137
49597
52317
52113
52630
55644
54742
56321
49620
48746
51462
54293
47078
50943
55399
51833
51415
50017
49719
47206
54365
50818
55450
50837
50899
48089
49858
51760
54211
56480
49127
47857
52123
51190
53058
57019
50579
56142
53921
51604
58480
56360
53167
61194
59806
59111
59265
55603
59965
61371
61596
56854
62189
62857
63022
541
63028
63267
194
761
62679
63393
5037
3040
3835
3334
7098
64396
64641
1756
7391
6261
7029
3011
6413
4320
7653
5147
5442
2435
15787
8728
7830
12980
3597
7220
13910
14756
16421
9717
16167
17422
12213
14817
12734
13834
14571
15950
19684
13150
5609
17025
14841
14198
14591
14028
15846
16016
18071
16576
15221
19373
18137
15716
12908
13750
12907
17555
19988
16458
18597
21087
15544
20380
17137
17194
13321
21534
17931
17833
21047
16037
16971
13049
17919
13484
19328
22814
10342
13918
6372
15139
11539
15075
15491
6180
6960
6627
8902
14258
4883
13590
6932
7620
8838
8852
6749
7571
8092
9554
9644
4802
2993
5216
5835
7237
62912
4472
4749
64298
62345
59183
58877
62830
59249
63347
58122
60390
64037
59753
59976
64269
63506
56984
2553
59405
56590
55744
62941
53966
56227
60413
55353
55171
51792
54837
57027
52843
56164
54654
50010
55365
51388
54063
52729
51700
51329
47485
54009
53113
41173
44891
50733
47074
43293
51258
51622
51811
47024
50026
49318
50668
45796
48700
50501
48035
42852
50226
54138
